n:	 c:	
1000	20
1000	20
1000	19
1000	20
1000	15
1000	11
1000	20
1000	20
1000	9
1000	17
1000	20
1000	9
1000	20
1000	19
1000	9
1000	20
1000	19
1000	20
1000	19
1000	20
1000	20
1000	20
1000	20
1000	20
1000	17
1000	20
1000	20
1000	20
1000	15
1000	17
1000	19
1000	19
1000	17
1000	20
1000	20
1000	20
1000	19
1000	20
1000	19
1000	13
1000	15
1000	11
1000	11
1000	17
1000	13
1000	17
1000	15
1000	20
1000	20
1000	17
1000	17
1000	17
1000	17
1000	7
1000	11
1000	15
1000	20
1000	20
1000	11
1000	19
1000	19
1000	19
1000	17
1000	20
1000	15
1000	17
1000	11
1000	17
1000	20
1000	20
1000	20
1000	20
1000	13
1000	17
1000	13
1000	19
1000	17
1000	20
1000	19
1000	20
1000	19
1000	19
1000	20
1000	20
1000	20
1000	17
1000	19
1000	19
1000	17
1000	20
1000	17
1000	17
1000	13
1000	20
1000	20
1000	20
1000	18
1000	17
1000	17
1000	17
2000	17
2000	22
2000	22
2000	13
2000	22
2000	21
2000	21
2000	21
2000	17
2000	19
2000	17
2000	22
2000	19
2000	22
2000	22
2000	13
2000	21
2000	19
2000	22
2000	22
2000	17
2000	22
2000	19
2000	13
2000	15
2000	17
2000	19
2000	11
2000	17
2000	19
2000	22
2000	22
2000	21
2000	22
2000	22
2000	22
2000	17
2000	21
2000	21
2000	22
2000	19
2000	19
2000	19
2000	21
2000	11
2000	15
2000	21
2000	22
2000	21
2000	22
2000	15
2000	22
2000	22
2000	17
2000	19
2000	21
2000	22
2000	22
2000	22
2000	19
2000	19
2000	17
2000	22
2000	21
2000	19
2000	22
2000	21
2000	15
2000	15
2000	19
2000	20
2000	22
2000	17
2000	19
2000	15
2000	22
2000	22
2000	22
2000	19
2000	17
2000	15
2000	21
2000	22
2000	22
2000	22
2000	22
2000	21
2000	17
2000	11
2000	21
2000	19
2000	22
2000	19
2000	22
2000	17
2000	22
2000	21
2000	19
2000	13
2000	21
3000	15
3000	23
3000	21
3000	23
3000	24
3000	19
3000	19
3000	24
3000	24
3000	24
3000	17
3000	19
3000	24
3000	21
3000	17
3000	19
3000	24
3000	22
3000	17
3000	21
3000	15
3000	22
3000	24
3000	19
3000	21
3000	23
3000	24
3000	22
3000	22
3000	22
3000	21
3000	21
3000	19
3000	22
3000	23
3000	15
3000	22
3000	21
3000	21
3000	24
3000	21
3000	21
3000	22
3000	24
3000	19
3000	22
3000	19
3000	24
3000	21
3000	24
3000	19
3000	17
3000	24
3000	24
3000	21
3000	24
3000	24
3000	24
3000	17
3000	15
3000	17
3000	19
3000	24
3000	24
3000	23
3000	19
3000	19
3000	22
3000	22
3000	19
3000	21
3000	24
3000	21
3000	24
3000	21
3000	19
3000	19
3000	17
3000	17
3000	22
3000	11
3000	24
3000	21
3000	21
3000	22
3000	15
3000	22
3000	19
3000	19
3000	19
3000	19
3000	24
3000	23
3000	17
3000	23
3000	19
3000	24
3000	24
3000	15
3000	22
4000	23
4000	21
4000	23
4000	19
4000	21
4000	24
4000	23
4000	24
4000	24
4000	17
4000	24
4000	19
4000	15
4000	13
4000	21
4000	24
4000	24
4000	24
4000	21
4000	24
4000	21
4000	24
4000	23
4000	24
4000	21
4000	23
4000	24
4000	19
4000	24
4000	23
4000	24
4000	13
4000	24
4000	23
4000	24
4000	17
4000	21
4000	24
4000	19
4000	19
4000	23
4000	19
4000	19
4000	23
4000	21
4000	24
4000	21
4000	21
4000	23
4000	19
4000	21
4000	21
4000	23
4000	23
4000	24
4000	11
4000	17
4000	24
4000	24
4000	21
4000	21
4000	21
4000	23
4000	21
4000	24
4000	21
4000	21
4000	17
4000	23
4000	23
4000	24
4000	15
4000	24
4000	21
4000	19
4000	23
4000	24
4000	24
4000	19
4000	22
4000	24
4000	24
4000	24
4000	23
4000	24
4000	24
4000	24
4000	24
4000	24
4000	21
4000	21
4000	21
4000	24
4000	23
4000	21
4000	24
4000	21
4000	15
4000	21
4000	24
5000	24
5000	21
5000	21
5000	24
5000	24
5000	15
5000	19
5000	26
5000	26
5000	21
5000	24
5000	23
5000	25
5000	17
5000	19
5000	23
5000	25
5000	23
5000	23
5000	24
5000	23
5000	21
5000	15
5000	26
5000	21
5000	19
5000	21
5000	19
5000	24
5000	21
5000	25
5000	24
5000	11
5000	23
5000	24
5000	19
5000	13
5000	26
5000	23
5000	24
5000	26
5000	25
5000	23
5000	26
5000	17
5000	24
5000	24
5000	23
5000	23
5000	19
5000	21
5000	23
5000	24
5000	23
5000	26
5000	26
5000	23
5000	24
5000	24
5000	24
5000	26
5000	24
5000	23
5000	19
5000	24
5000	23
5000	24
5000	23
5000	15
5000	25
5000	23
5000	24
5000	23
5000	23
5000	21
5000	23
5000	24
5000	23
5000	24
5000	25
5000	21
5000	21
5000	24
5000	21
5000	24
5000	21
5000	23
5000	26
5000	24
5000	26
5000	21
5000	25
5000	21
5000	23
5000	25
5000	21
5000	21
5000	19
5000	17
5000	23
6000	21
6000	26
6000	26
6000	26
6000	19
6000	26
6000	19
6000	15
6000	23
6000	24
6000	21
6000	17
6000	23
6000	19
6000	25
6000	25
6000	24
6000	26
6000	26
6000	21
6000	26
6000	26
6000	26
6000	19
6000	23
6000	26
6000	19
6000	23
6000	19
6000	15
6000	21
6000	24
6000	26
6000	25
6000	21
6000	26
6000	26
6000	13
6000	26
6000	21
6000	23
6000	21
6000	23
6000	17
6000	23
6000	19
6000	15
6000	17
6000	21
6000	11
6000	23
6000	23
6000	23
6000	26
6000	23
6000	24
6000	26
6000	23
6000	24
6000	19
6000	26
6000	19
6000	23
6000	21
6000	23
6000	19
6000	21
6000	19
6000	24
6000	25
6000	23
6000	24
6000	23
6000	26
6000	26
6000	26
6000	15
6000	23
6000	21
6000	26
6000	25
6000	23
6000	26
6000	26
6000	24
6000	26
6000	26
6000	24
6000	23
6000	23
6000	21
6000	21
6000	21
6000	21
6000	24
6000	26
6000	24
6000	13
6000	26
6000	26
7000	26
7000	26
7000	23
7000	15
7000	21
7000	21
7000	26
7000	25
7000	19
7000	21
7000	26
7000	25
7000	23
7000	23
7000	23
7000	24
7000	21
7000	19
7000	26
7000	23
7000	23
7000	26
7000	21
7000	23
7000	26
7000	19
7000	24
7000	19
7000	17
7000	19
7000	23
7000	23
7000	23
7000	26
7000	21
7000	21
7000	26
7000	26
7000	15
7000	21
7000	26
7000	17
7000	19
7000	25
7000	26
7000	17
7000	23
7000	26
7000	26
7000	26
7000	26
7000	21
7000	25
7000	21
7000	13
7000	17
7000	17
7000	19
7000	21
7000	26
7000	21
7000	21
7000	25
7000	19
7000	19
7000	26
7000	21
7000	17
7000	19
7000	19
7000	26
7000	25
7000	25
7000	25
7000	26
7000	23
7000	25
7000	24
7000	26
7000	24
7000	25
7000	23
7000	25
7000	23
7000	21
7000	23
7000	26
7000	25
7000	25
7000	19
7000	26
7000	21
7000	23
7000	26
7000	24
7000	25
7000	26
7000	25
7000	26
7000	21
8000	23
8000	19
8000	26
8000	23
8000	26
8000	26
8000	26
8000	25
8000	21
8000	26
8000	26
8000	26
8000	19
8000	26
8000	21
8000	26
8000	19
8000	25
8000	19
8000	26
8000	21
8000	26
8000	23
8000	19
8000	26
8000	26
8000	25
8000	19
8000	26
8000	23
8000	26
8000	26
8000	21
8000	23
8000	9
8000	19
8000	15
8000	26
8000	17
8000	19
8000	23
8000	25
8000	9
8000	26
8000	17
8000	26
8000	23
8000	26
8000	19
8000	17
8000	26
8000	25
8000	24
8000	11
8000	25
8000	26
8000	19
8000	26
8000	26
8000	26
8000	21
8000	26
8000	26
8000	25
8000	26
8000	25
8000	26
8000	21
8000	11
8000	23
8000	25
8000	23
8000	23
8000	1
8000	21
8000	21
8000	26
8000	23
8000	19
8000	26
8000	26
8000	21
8000	26
8000	26
8000	26
8000	21
8000	21
8000	23
8000	26
8000	26
8000	26
8000	26
8000	26
8000	25
8000	25
8000	26
8000	25
8000	25
8000	25
8000	19
9000	21
9000	23
9000	26
9000	21
9000	23
9000	28
9000	21
9000	17
9000	25
9000	23
9000	26
9000	26
9000	23
9000	23
9000	25
9000	19
9000	23
9000	26
9000	27
9000	25
9000	25
9000	21
9000	26
9000	26
9000	21
9000	25
9000	26
9000	26
9000	23
9000	26
9000	23
9000	26
9000	26
9000	27
9000	26
9000	23
9000	25
9000	21
9000	25
9000	21
9000	26
9000	28
9000	11
9000	17
9000	26
9000	25
9000	19
9000	26
9000	26
9000	26
9000	25
9000	23
9000	19
9000	26
9000	17
9000	28
9000	21
9000	26
9000	25
9000	15
9000	17
9000	25
9000	21
9000	21
9000	23
9000	26
9000	27
9000	25
9000	26
9000	21
9000	26
9000	26
9000	26
9000	26
9000	26
9000	26
9000	27
9000	19
9000	11
9000	23
9000	27
9000	26
9000	25
9000	21
9000	23
9000	25
9000	25
9000	26
9000	25
9000	28
9000	26
9000	28
9000	28
9000	21
9000	25
9000	26
9000	25
9000	25
9000	26
9000	26
10000	17
10000	23
10000	26
10000	25
10000	27
10000	27
10000	21
10000	19
10000	27
10000	25
10000	19
10000	23
10000	21
10000	28
10000	27
10000	21
10000	25
10000	28
10000	27
10000	25
10000	28
10000	28
10000	21
10000	26
10000	17
10000	21
10000	25
10000	25
10000	26
10000	13
10000	25
10000	13
10000	26
10000	19
10000	26
10000	26
10000	25
10000	26
10000	25
10000	28
10000	25
10000	23
10000	26
10000	25
10000	26
10000	26
10000	28
10000	23
10000	21
10000	27
10000	23
10000	26
10000	28
10000	19
10000	23
10000	26
10000	23
10000	26
10000	23
10000	15
10000	23
10000	11
10000	25
10000	23
10000	19
10000	21
10000	25
10000	23
10000	19
10000	28
10000	26
10000	23
10000	26
10000	27
10000	21
10000	25
10000	21
10000	21
10000	28
10000	27
10000	26
10000	26
10000	27
10000	23
10000	19
10000	26
10000	26
10000	26
10000	23
10000	23
10000	23
10000	26
10000	23
10000	23
10000	27
10000	23
10000	19
10000	25
10000	25
10000	26
11000	28
11000	27
11000	28
11000	23
11000	28
11000	28
11000	23
11000	25
11000	15
11000	28
11000	26
11000	26
11000	28
11000	25
11000	26
11000	17
11000	25
11000	23
11000	25
11000	25
11000	19
11000	21
11000	26
11000	23
11000	25
11000	27
11000	19
11000	21
11000	25
11000	23
11000	27
11000	21
11000	23
11000	25
11000	25
11000	17
11000	25
11000	21
11000	26
11000	23
11000	28
11000	27
11000	27
11000	28
11000	26
11000	21
11000	27
11000	23
11000	21
11000	19
11000	25
11000	21
11000	28
11000	21
11000	28
11000	26
11000	28
11000	23
11000	27
11000	25
11000	19
11000	23
11000	23
11000	28
11000	26
11000	25
11000	26
11000	25
11000	26
11000	26
11000	28
11000	28
11000	26
11000	28
11000	23
11000	26
11000	19
11000	26
11000	11
11000	27
11000	21
11000	25
11000	26
11000	25
11000	28
11000	25
11000	17
11000	28
11000	26
11000	21
11000	23
11000	23
11000	23
11000	23
11000	28
11000	26
11000	21
11000	27
11000	26
11000	28
12000	27
12000	23
12000	26
12000	23
12000	27
12000	25
12000	28
12000	23
12000	28
12000	21
12000	23
12000	25
12000	26
12000	28
12000	28
12000	25
12000	27
12000	25
12000	25
12000	25
12000	25
12000	28
12000	23
12000	21
12000	23
12000	28
12000	28
12000	23
12000	26
12000	28
12000	23
12000	17
12000	28
12000	23
12000	27
12000	17
12000	27
12000	23
12000	23
12000	23
12000	23
12000	26
12000	25
12000	28
12000	23
12000	23
12000	21
12000	25
12000	21
12000	23
12000	26
12000	26
12000	28
12000	26
12000	21
12000	28
12000	28
12000	27
12000	25
12000	23
12000	25
12000	23
12000	27
12000	21
12000	25
12000	27
12000	25
12000	21
12000	28
12000	25
12000	28
12000	25
12000	25
12000	27
12000	25
12000	21
12000	19
12000	19
12000	28
12000	23
12000	25
12000	25
12000	21
12000	23
12000	23
12000	25
12000	13
12000	25
12000	28
12000	28
12000	28
12000	28
12000	23
12000	15
12000	28
12000	23
12000	21
12000	28
12000	23
12000	23
13000	25
13000	23
13000	28
13000	27
13000	25
13000	28
13000	25
13000	27
13000	28
13000	26
13000	21
13000	25
13000	26
13000	23
13000	28
13000	27
13000	27
13000	26
13000	27
13000	28
13000	28
13000	23
13000	23
13000	21
13000	28
13000	17
13000	28
13000	23
13000	25
13000	23
13000	27
13000	21
13000	23
13000	28
13000	25
13000	21
13000	23
13000	23
13000	21
13000	23
13000	26
13000	25
13000	27
13000	28
13000	28
13000	27
13000	25
13000	25
13000	23
13000	28
13000	21
13000	26
13000	27
13000	21
13000	28
13000	15
13000	28
13000	28
13000	28
13000	17
13000	26
13000	28
13000	27
13000	28
13000	21
13000	28
13000	28
13000	25
13000	26
13000	26
13000	25
13000	15
13000	28
13000	28
13000	28
13000	27
13000	27
13000	25
13000	23
13000	28
13000	28
13000	23
13000	27
13000	27
13000	25
13000	28
13000	27
13000	23
13000	23
13000	27
13000	27
13000	23
13000	28
13000	19
13000	27
13000	25
13000	27
13000	26
13000	25
13000	11
14000	27
14000	27
14000	25
14000	15
14000	28
14000	27
14000	26
14000	28
14000	25
14000	25
14000	21
14000	19
14000	26
14000	23
14000	19
14000	25
14000	28
14000	21
14000	27
14000	28
14000	25
14000	25
14000	25
14000	25
14000	27
14000	28
14000	26
14000	23
14000	23
14000	26
14000	25
14000	23
14000	28
14000	28
14000	23
14000	25
14000	28
14000	23
14000	27
14000	27
14000	26
14000	21
14000	27
14000	27
14000	25
14000	21
14000	28
14000	28
14000	28
14000	25
14000	21
14000	28
14000	27
14000	13
14000	28
14000	19
14000	25
14000	25
14000	21
14000	21
14000	25
14000	28
14000	27
14000	26
14000	28
14000	26
14000	28
14000	27
14000	27
14000	23
14000	26
14000	25
14000	25
14000	28
14000	19
14000	28
14000	27
14000	27
14000	21
14000	23
14000	25
14000	27
14000	27
14000	23
14000	21
14000	28
14000	26
14000	21
14000	25
14000	26
14000	27
14000	28
14000	28
14000	21
14000	25
14000	28
14000	23
14000	21
14000	23
14000	28
15000	25
15000	25
15000	28
15000	25
15000	17
15000	25
15000	28
15000	27
15000	27
15000	21
15000	28
15000	28
15000	27
15000	27
15000	21
15000	27
15000	26
15000	23
15000	19
15000	28
15000	27
15000	28
15000	28
15000	21
15000	27
15000	27
15000	21
15000	27
15000	28
15000	27
15000	26
15000	21
15000	28
15000	23
15000	23
15000	28
15000	28
15000	23
15000	25
15000	21
15000	28
15000	21
15000	28
15000	27
15000	25
15000	26
15000	9
15000	23
15000	28
15000	28
15000	27
15000	27
15000	27
15000	28
15000	28
15000	25
15000	28
15000	25
15000	28
15000	28
15000	28
15000	23
15000	28
15000	25
15000	27
15000	13
15000	28
15000	28
15000	23
15000	28
15000	28
15000	21
15000	23
15000	27
15000	28
15000	28
15000	28
15000	15
15000	28
15000	28
15000	25
15000	25
15000	21
15000	23
15000	28
15000	28
15000	27
15000	28
15000	25
15000	15
15000	25
15000	27
15000	28
15000	23
15000	28
15000	28
15000	27
15000	25
15000	28
15000	28
16000	27
16000	28
16000	28
16000	28
16000	28
16000	23
16000	28
16000	28
16000	23
16000	28
16000	28
16000	27
16000	26
16000	28
16000	28
16000	28
16000	27
16000	23
16000	26
16000	28
16000	23
16000	27
16000	27
16000	27
16000	23
16000	26
16000	28
16000	27
16000	28
16000	28
16000	25
16000	28
16000	27
16000	27
16000	27
16000	25
16000	28
16000	23
16000	25
16000	28
16000	25
16000	28
16000	25
16000	25
16000	25
16000	19
16000	21
16000	21
16000	27
16000	27
16000	28
16000	19
16000	23
16000	28
16000	28
16000	28
16000	27
16000	28
16000	28
16000	28
16000	21
16000	27
16000	23
16000	28
16000	28
16000	25
16000	28
16000	28
16000	28
16000	28
16000	21
16000	28
16000	28
16000	28
16000	25
16000	21
16000	28
16000	28
16000	25
16000	28
16000	23
16000	15
16000	23
16000	28
16000	27
16000	23
16000	28
16000	28
16000	25
16000	28
16000	27
16000	27
16000	25
16000	21
16000	25
16000	28
16000	25
16000	25
16000	28
16000	23
17000	23
17000	21
17000	27
17000	25
17000	23
17000	23
17000	28
17000	23
17000	29
17000	28
17000	28
17000	19
17000	23
17000	23
17000	28
17000	28
17000	28
17000	28
17000	27
17000	21
17000	30
17000	27
17000	28
17000	21
17000	27
17000	28
17000	27
17000	28
17000	28
17000	25
17000	28
17000	17
17000	28
17000	25
17000	28
17000	19
17000	27
17000	27
17000	25
17000	23
17000	28
17000	25
17000	28
17000	27
17000	28
17000	23
17000	28
17000	25
17000	25
17000	25
17000	28
17000	27
17000	23
17000	17
17000	27
17000	28
17000	27
17000	17
17000	28
17000	25
17000	25
17000	17
17000	28
17000	28
17000	27
17000	19
17000	27
17000	25
17000	23
17000	27
17000	25
17000	19
17000	28
17000	21
17000	21
17000	27
17000	27
17000	27
17000	28
17000	27
17000	27
17000	28
17000	23
17000	25
17000	28
17000	25
17000	25
17000	21
17000	28
17000	28
17000	28
17000	27
17000	21
17000	28
17000	28
17000	25
17000	27
17000	23
17000	17
17000	27
18000	25
18000	28
18000	25
18000	23
18000	29
18000	27
18000	25
18000	28
18000	25
18000	28
18000	28
18000	25
18000	27
18000	28
18000	25
18000	30
18000	27
18000	25
18000	28
18000	25
18000	25
18000	25
18000	25
18000	23
18000	28
18000	27
18000	29
18000	25
18000	28
18000	30
18000	28
18000	29
18000	28
18000	28
18000	23
18000	28
18000	28
18000	23
18000	28
18000	30
18000	28
18000	27
18000	27
18000	25
18000	21
18000	25
18000	27
18000	27
18000	17
18000	19
18000	21
18000	27
18000	30
18000	25
18000	28
18000	28
18000	30
18000	28
18000	23
18000	27
18000	28
18000	25
18000	28
18000	25
18000	28
18000	27
18000	23
18000	28
18000	30
18000	25
18000	27
18000	27
18000	28
18000	27
18000	27
18000	25
18000	25
18000	28
18000	15
18000	28
18000	23
18000	23
18000	30
18000	27
18000	27
18000	25
18000	27
18000	27
18000	30
18000	28
18000	27
18000	23
18000	28
18000	27
18000	25
18000	19
18000	19
18000	27
18000	25
18000	28
19000	23
19000	27
19000	28
19000	28
19000	28
19000	28
19000	25
19000	25
19000	25
19000	23
19000	27
19000	29
19000	27
19000	25
19000	28
19000	15
19000	27
19000	28
19000	28
19000	28
19000	27
19000	27
19000	28
19000	30
19000	28
19000	30
19000	25
19000	27
19000	19
19000	27
19000	28
19000	19
19000	28
19000	28
19000	23
19000	30
19000	29
19000	29
19000	28
19000	28
19000	27
19000	28
19000	28
19000	21
19000	23
19000	27
19000	23
19000	28
19000	29
19000	21
19000	25
19000	28
19000	23
19000	25
19000	27
19000	30
19000	28
19000	23
19000	25
19000	27
19000	21
19000	21
19000	27
19000	28
19000	30
19000	28
19000	21
19000	25
19000	28
19000	27
19000	27
19000	27
19000	29
19000	29
19000	28
19000	29
19000	30
19000	28
19000	28
19000	13
19000	30
19000	28
19000	28
19000	30
19000	25
19000	21
19000	21
19000	19
19000	27
19000	27
19000	28
19000	25
19000	28
19000	28
19000	30
19000	25
19000	28
19000	30
19000	28
19000	23
20000	25
20000	28
20000	28
20000	28
20000	25
20000	25
20000	28
20000	27
20000	19
20000	29
20000	28
20000	27
20000	23
20000	28
20000	28
20000	25
20000	25
20000	25
20000	28
20000	28
20000	27
20000	27
20000	28
20000	27
20000	28
20000	19
20000	23
20000	28
20000	19
20000	23
20000	27
20000	23
20000	28
20000	23
20000	27
20000	30
20000	28
20000	27
20000	21
20000	23
20000	29
20000	29
20000	23
20000	28
20000	25
20000	25
20000	28
20000	23
20000	25
20000	23
20000	27
20000	23
20000	21
20000	19
20000	25
20000	25
20000	21
20000	21
20000	30
20000	25
20000	27
20000	28
20000	28
20000	28
20000	28
20000	30
20000	30
20000	30
20000	27
20000	29
20000	28
20000	28
20000	28
20000	27
20000	30
20000	30
20000	23
20000	21
20000	27
20000	28
20000	29
20000	28
20000	28
20000	30
20000	27
20000	30
20000	23
20000	27
20000	25
20000	21
20000	30
20000	28
20000	28
20000	30
20000	27
20000	15
20000	25
20000	23
20000	30
20000	17
21000	23
21000	25
21000	21
21000	29
21000	30
21000	28
21000	28
21000	30
21000	29
21000	23
21000	19
21000	21
21000	25
21000	30
21000	29
21000	27
21000	23
21000	30
21000	25
21000	25
21000	19
21000	15
21000	27
21000	29
21000	23
21000	23
21000	30
21000	17
21000	27
21000	28
21000	30
21000	27
21000	25
21000	28
21000	30
21000	28
21000	30
21000	28
21000	25
21000	28
21000	21
21000	25
21000	27
21000	27
21000	27
21000	30
21000	28
21000	21
21000	25
21000	19
21000	30
21000	27
21000	29
21000	27
21000	25
21000	28
21000	29
21000	30
21000	21
21000	30
21000	27
21000	27
21000	30
21000	25
21000	30
21000	25
21000	27
21000	28
21000	27
21000	21
21000	25
21000	21
21000	29
21000	28
21000	29
21000	30
21000	30
21000	28
21000	27
21000	25
21000	28
21000	28
21000	25
21000	25
21000	28
21000	27
21000	25
21000	30
21000	28
21000	23
21000	25
21000	23
21000	30
21000	25
21000	25
21000	30
21000	30
21000	27
21000	23
21000	25
22000	25
22000	29
22000	23
22000	30
22000	30
22000	19
22000	19
22000	30
22000	25
22000	27
22000	28
22000	21
22000	27
22000	23
22000	30
22000	30
22000	27
22000	30
22000	29
22000	23
22000	29
22000	27
22000	25
22000	27
22000	11
22000	28
22000	30
22000	25
22000	25
22000	27
22000	25
22000	28
22000	23
22000	27
22000	28
22000	27
22000	28
22000	27
22000	23
22000	25
22000	28
22000	29
22000	27
22000	29
22000	27
22000	13
22000	25
22000	28
22000	29
22000	28
22000	29
22000	25
22000	27
22000	27
22000	28
22000	27
22000	30
22000	27
22000	27
22000	25
22000	29
22000	23
22000	30
22000	29
22000	30
22000	28
22000	25
22000	25
22000	27
22000	21
22000	29
22000	27
22000	28
22000	15
22000	28
22000	29
22000	27
22000	25
22000	30
22000	25
22000	27
22000	28
22000	30
22000	27
22000	29
22000	21
22000	29
22000	30
22000	30
22000	30
22000	23
22000	27
22000	21
22000	25
22000	28
22000	28
22000	30
22000	27
22000	30
22000	15
23000	30
23000	19
23000	29
23000	21
23000	29
23000	29
23000	13
23000	23
23000	30
23000	25
23000	28
23000	27
23000	28
23000	29
23000	23
23000	29
23000	23
23000	28
23000	28
23000	27
23000	25
23000	29
23000	29
23000	30
23000	27
23000	25
23000	29
23000	29
23000	30
23000	25
23000	28
23000	30
23000	25
23000	30
23000	28
23000	27
23000	28
23000	28
23000	28
23000	30
23000	19
23000	25
23000	28
23000	21
23000	23
23000	29
23000	29
23000	30
23000	25
23000	25
23000	28
23000	30
23000	23
23000	30
23000	21
23000	28
23000	25
23000	23
23000	29
23000	27
23000	29
23000	27
23000	28
23000	27
23000	23
23000	30
23000	21
23000	25
23000	28
23000	25
23000	29
23000	21
23000	28
23000	23
23000	30
23000	27
23000	25
23000	21
23000	25
23000	11
23000	29
23000	29
23000	29
23000	21
23000	29
23000	28
23000	23
23000	25
23000	27
23000	28
23000	27
23000	25
23000	27
23000	28
23000	29
23000	29
23000	27
23000	28
23000	25
23000	30
24000	23
24000	21
24000	25
24000	23
24000	29
24000	25
24000	29
24000	29
24000	23
24000	28
24000	25
24000	29
24000	23
24000	25
24000	30
24000	30
24000	28
24000	25
24000	13
24000	29
24000	30
24000	21
24000	23
24000	21
24000	30
24000	30
24000	29
24000	23
24000	30
24000	27
24000	23
24000	23
24000	30
24000	25
24000	27
24000	25
24000	25
24000	25
24000	28
24000	25
24000	28
24000	27
24000	30
24000	30
24000	30
24000	23
24000	27
24000	27
24000	29
24000	30
24000	28
24000	28
24000	23
24000	29
24000	30
24000	30
24000	21
24000	23
24000	21
24000	27
24000	28
24000	30
24000	27
24000	28
24000	30
24000	23
24000	29
24000	29
24000	27
24000	30
24000	25
24000	25
24000	30
24000	28
24000	23
24000	25
24000	15
24000	25
24000	25
24000	28
24000	30
24000	27
24000	19
24000	27
24000	25
24000	25
24000	28
24000	21
24000	23
24000	27
24000	30
24000	27
24000	29
24000	30
24000	21
24000	27
24000	23
24000	30
24000	25
24000	23
25000	28
25000	27
25000	30
25000	27
25000	21
25000	28
25000	25
25000	29
25000	30
25000	29
25000	30
25000	29
25000	27
25000	25
25000	27
25000	30
25000	23
25000	27
25000	25
25000	30
25000	25
25000	28
25000	30
25000	19
25000	28
25000	17
25000	29
25000	25
25000	28
25000	21
25000	25
25000	30
25000	23
25000	30
25000	29
25000	25
25000	27
25000	17
25000	25
25000	23
25000	25
25000	21
25000	29
25000	27
25000	28
25000	27
25000	21
25000	28
25000	30
25000	27
25000	23
25000	30
25000	27
25000	25
25000	25
25000	27
25000	23
25000	29
25000	19
25000	27
25000	17
25000	30
25000	30
25000	27
25000	28
25000	21
25000	27
25000	25
25000	28
25000	30
25000	27
25000	23
25000	27
25000	25
25000	30
25000	30
25000	25
25000	27
25000	27
25000	25
25000	30
25000	27
25000	29
25000	23
25000	27
25000	25
25000	17
25000	25
25000	19
25000	25
25000	30
25000	29
25000	30
25000	27
25000	29
25000	30
25000	28
25000	25
25000	27
25000	29
26000	30
26000	25
26000	23
26000	29
26000	30
26000	28
26000	27
26000	30
26000	23
26000	30
26000	27
26000	30
26000	30
26000	29
26000	27
26000	23
26000	29
26000	23
26000	27
26000	25
26000	27
26000	30
26000	23
26000	25
26000	30
26000	23
26000	30
26000	30
26000	27
26000	29
26000	27
26000	25
26000	25
26000	30
26000	25
26000	29
26000	29
26000	25
26000	29
26000	23
26000	29
26000	30
26000	29
26000	30
26000	28
26000	27
26000	28
26000	23
26000	27
26000	25
26000	29
26000	28
26000	29
26000	27
26000	30
26000	30
26000	30
26000	23
26000	27
26000	25
26000	25
26000	27
26000	27
26000	30
26000	25
26000	29
26000	30
26000	25
26000	28
26000	25
26000	29
26000	29
26000	27
26000	29
26000	30
26000	30
26000	29
26000	28
26000	23
26000	27
26000	27
26000	23
26000	27
26000	29
26000	30
26000	28
26000	30
26000	29
26000	30
26000	30
26000	28
26000	27
26000	29
26000	29
26000	29
26000	30
26000	30
26000	25
26000	30
26000	29
27000	30
27000	23
27000	27
27000	25
27000	25
27000	23
27000	23
27000	27
27000	23
27000	27
27000	23
27000	19
27000	29
27000	30
27000	23
27000	23
27000	27
27000	30
27000	23
27000	30
27000	25
27000	28
27000	29
27000	29
27000	30
27000	27
27000	30
27000	21
27000	15
27000	21
27000	21
27000	23
27000	27
27000	30
27000	29
27000	30
27000	30
27000	30
27000	27
27000	30
27000	28
27000	25
27000	29
27000	30
27000	29
27000	30
27000	27
27000	28
27000	27
27000	29
27000	28
27000	27
27000	30
27000	27
27000	27
27000	29
27000	29
27000	30
27000	30
27000	29
27000	25
27000	25
27000	29
27000	29
27000	27
27000	25
27000	21
27000	25
27000	30
27000	27
27000	25
27000	27
27000	29
27000	30
27000	28
27000	29
27000	25
27000	25
27000	30
27000	30
27000	21
27000	29
27000	30
27000	30
27000	29
27000	27
27000	30
27000	30
27000	25
27000	21
27000	29
27000	25
27000	30
27000	29
27000	21
27000	28
27000	25
27000	27
27000	30
27000	30
28000	19
28000	29
28000	30
28000	29
28000	30
28000	29
28000	29
28000	30
28000	25
28000	21
28000	30
28000	27
28000	25
28000	29
28000	29
28000	30
28000	29
28000	30
28000	28
28000	30
28000	30
28000	27
28000	27
28000	23
28000	29
28000	25
28000	30
28000	25
28000	25
28000	28
28000	30
28000	21
28000	30
28000	25
28000	30
28000	30
28000	25
28000	30
28000	25
28000	30
28000	23
28000	21
28000	27
28000	30
28000	27
28000	30
28000	30
28000	21
28000	27
28000	27
28000	30
28000	29
28000	27
28000	30
28000	30
28000	27
28000	25
28000	27
28000	25
28000	25
28000	27
28000	23
28000	28
28000	30
28000	30
28000	29
28000	29
28000	29
28000	30
28000	29
28000	25
28000	30
28000	27
28000	23
28000	23
28000	28
28000	27
28000	29
28000	30
28000	27
28000	30
28000	27
28000	27
28000	25
28000	25
28000	25
28000	21
28000	30
28000	25
28000	23
28000	29
28000	29
28000	27
28000	27
28000	30
28000	30
28000	19
28000	27
28000	28
28000	28
29000	23
29000	30
29000	30
29000	30
29000	27
29000	30
29000	29
29000	27
29000	30
29000	30
29000	27
29000	30
29000	29
29000	30
29000	30
29000	25
29000	27
29000	30
29000	25
29000	29
29000	30
29000	30
29000	27
29000	27
29000	19
29000	25
29000	30
29000	27
29000	13
29000	30
29000	25
29000	27
29000	30
29000	23
29000	23
29000	27
29000	23
29000	19
29000	30
29000	30
29000	30
29000	30
29000	28
29000	27
29000	30
29000	25
29000	29
29000	30
29000	30
29000	29
29000	25
29000	25
29000	19
29000	29
29000	29
29000	29
29000	23
29000	30
29000	30
29000	21
29000	30
29000	21
29000	30
29000	29
29000	25
29000	23
29000	29
29000	21
29000	30
29000	30
29000	29
29000	30
29000	29
29000	27
29000	25
29000	28
29000	29
29000	23
29000	25
29000	23
29000	28
29000	27
29000	25
29000	30
29000	30
29000	30
29000	28
29000	23
29000	29
29000	29
29000	25
29000	21
29000	19
29000	19
29000	30
29000	30
29000	27
29000	30
29000	23
29000	30
30000	30
30000	30
30000	30
30000	27
30000	28
30000	19
30000	30
30000	27
30000	30
30000	25
30000	21
30000	29
30000	27
30000	25
30000	30
30000	21
30000	30
30000	25
30000	30
30000	25
30000	27
30000	27
30000	30
30000	27
30000	28
30000	30
30000	30
30000	29
30000	29
30000	30
30000	21
30000	30
30000	27
30000	27
30000	27
30000	30
30000	15
30000	30
30000	27
30000	30
30000	30
30000	25
30000	23
30000	29
30000	25
30000	30
30000	21
30000	30
30000	30
30000	29
30000	27
30000	27
30000	29
30000	15
30000	30
30000	30
30000	30
30000	30
30000	30
30000	29
30000	23
30000	21
30000	30
30000	25
30000	29
30000	30
30000	27
30000	23
30000	28
30000	27
30000	27
30000	21
30000	29
30000	30
30000	29
30000	19
30000	27
30000	27
30000	23
30000	29
30000	30
30000	28
30000	30
30000	27
30000	30
30000	29
30000	27
30000	21
30000	29
30000	25
30000	25
30000	30
30000	29
30000	30
30000	29
30000	29
30000	25
30000	23
30000	30
30000	30
31000	30
31000	27
31000	30
31000	27
31000	29
31000	29
31000	30
31000	21
31000	25
31000	25
31000	30
31000	27
31000	25
31000	30
31000	29
31000	29
31000	25
31000	30
31000	30
31000	30
31000	30
31000	30
31000	27
31000	29
31000	27
31000	30
31000	30
31000	23
31000	27
31000	25
31000	30
31000	30
31000	29
31000	30
31000	27
31000	19
31000	28
31000	30
31000	27
31000	29
31000	25
31000	23
31000	23
31000	23
31000	30
31000	30
31000	25
31000	21
31000	27
31000	30
31000	25
31000	27
31000	29
31000	30
31000	30
31000	25
31000	29
31000	30
31000	25
31000	30
31000	27
31000	29
31000	27
31000	27
31000	15
31000	30
31000	30
31000	29
31000	23
31000	28
31000	27
31000	30
31000	30
31000	23
31000	11
31000	30
31000	19
31000	27
31000	27
31000	28
31000	30
31000	27
31000	25
31000	25
31000	30
31000	21
31000	29
31000	25
31000	27
31000	25
31000	30
31000	30
31000	19
31000	21
31000	30
31000	30
31000	30
31000	23
31000	30
31000	27
32000	23
32000	30
32000	27
32000	30
32000	27
32000	29
32000	27
32000	27
32000	29
32000	30
32000	30
32000	23
32000	23
32000	30
32000	30
32000	17
32000	30
32000	27
32000	30
32000	27
32000	30
32000	30
32000	30
32000	27
32000	30
32000	27
32000	23
32000	25
32000	29
32000	27
32000	29
32000	30
32000	29
32000	30
32000	25
32000	29
32000	30
32000	30
32000	17
32000	30
32000	21
32000	25
32000	30
32000	30
32000	29
32000	25
32000	30
32000	30
32000	29
32000	29
32000	25
32000	30
32000	25
32000	25
32000	30
32000	21
32000	30
32000	30
32000	21
32000	29
32000	30
32000	25
32000	27
32000	30
32000	30
32000	27
32000	27
32000	27
32000	30
32000	27
32000	29
32000	29
32000	25
32000	23
32000	29
32000	30
32000	30
32000	17
32000	30
32000	27
32000	29
32000	27
32000	30
32000	30
32000	29
32000	23
32000	27
32000	19
32000	23
32000	25
32000	19
32000	30
32000	29
32000	30
32000	27
32000	27
32000	27
32000	30
32000	29
32000	30
33000	23
33000	25
33000	23
33000	27
33000	23
33000	25
33000	30
33000	27
33000	25
33000	27
33000	25
33000	27
33000	25
33000	27
33000	30
33000	25
33000	30
33000	30
33000	27
33000	27
33000	30
33000	29
33000	30
33000	30
33000	30
33000	30
33000	29
33000	27
33000	30
33000	30
33000	30
33000	30
33000	27
33000	29
33000	27
33000	27
33000	29
33000	29
33000	30
33000	29
33000	30
33000	30
33000	21
33000	27
33000	30
33000	30
33000	23
33000	29
33000	30
33000	30
33000	29
33000	30
33000	30
33000	30
33000	17
33000	25
33000	30
33000	27
33000	27
33000	29
33000	17
33000	30
33000	30
33000	29
33000	30
33000	25
33000	23
33000	30
33000	30
33000	30
33000	23
33000	30
33000	30
33000	30
33000	27
33000	30
33000	27
33000	30
33000	29
33000	30
33000	25
33000	29
33000	19
33000	23
33000	25
33000	30
33000	30
33000	30
33000	30
33000	30
33000	30
33000	29
33000	30
33000	30
33000	27
33000	21
33000	27
33000	25
33000	27
33000	27
34000	30
34000	21
34000	29
34000	30
34000	30
34000	29
34000	27
34000	29
34000	27
34000	27
34000	30
34000	30
34000	29
34000	30
34000	29
34000	27
34000	23
34000	30
34000	30
34000	29
34000	30
34000	30
34000	29
34000	30
34000	29
34000	27
34000	21
34000	9
34000	25
34000	29
34000	27
34000	17
34000	29
34000	25
34000	29
34000	23
34000	29
34000	25
34000	25
34000	30
34000	25
34000	27
34000	29
34000	29
34000	30
34000	23
34000	27
34000	30
34000	19
34000	27
34000	25
34000	30
34000	23
34000	30
34000	30
34000	27
34000	25
34000	27
34000	30
34000	29
34000	30
34000	23
34000	23
34000	30
34000	29
34000	30
34000	30
34000	30
34000	29
34000	29
34000	30
34000	30
34000	30
34000	29
34000	30
34000	30
34000	30
34000	25
34000	27
34000	29
34000	25
34000	21
34000	27
34000	30
34000	30
34000	30
34000	25
34000	21
34000	23
34000	27
34000	30
34000	30
34000	29
34000	30
34000	27
34000	30
34000	27
34000	25
34000	23
34000	25
35000	31
35000	30
35000	32
35000	29
35000	29
35000	27
35000	27
35000	30
35000	30
35000	27
35000	30
35000	32
35000	30
35000	25
35000	30
35000	30
35000	29
35000	27
35000	32
35000	29
35000	32
35000	30
35000	27
35000	13
35000	17
35000	29
35000	27
35000	30
35000	25
35000	25
35000	30
35000	27
35000	32
35000	30
35000	23
35000	27
35000	30
35000	27
35000	30
35000	29
35000	30
35000	27
35000	25
35000	23
35000	32
35000	30
35000	30
35000	25
35000	27
35000	29
35000	29
35000	27
35000	21
35000	30
35000	30
35000	30
35000	29
35000	30
35000	27
35000	30
35000	29
35000	30
35000	30
35000	30
35000	27
35000	29
35000	27
35000	21
35000	30
35000	19
35000	29
35000	25
35000	30
35000	30
35000	25
35000	29
35000	27
35000	30
35000	29
35000	30
35000	27
35000	29
35000	29
35000	30
35000	27
35000	30
35000	29
35000	30
35000	23
35000	27
35000	30
35000	32
35000	27
35000	25
35000	30
35000	27
35000	27
35000	30
35000	27
35000	31
36000	27
36000	27
36000	29
36000	23
36000	30
36000	25
36000	29
36000	31
36000	29
36000	15
36000	30
36000	27
36000	29
36000	27
36000	30
36000	29
36000	31
36000	30
36000	21
36000	30
36000	27
36000	30
36000	29
36000	29
36000	30
36000	27
36000	32
36000	27
36000	25
36000	25
36000	30
36000	21
36000	21
36000	30
36000	30
36000	30
36000	29
36000	30
36000	21
36000	25
36000	30
36000	29
36000	30
36000	30
36000	25
36000	30
36000	25
36000	23
36000	27
36000	27
36000	25
36000	21
36000	27
36000	21
36000	27
36000	25
36000	27
36000	30
36000	23
36000	30
36000	27
36000	30
36000	30
36000	30
36000	30
36000	30
36000	30
36000	30
36000	25
36000	25
36000	23
36000	25
36000	27
36000	30
36000	30
36000	29
36000	30
36000	25
36000	21
36000	30
36000	29
36000	27
36000	29
36000	30
36000	25
36000	30
36000	27
36000	25
36000	30
36000	29
36000	25
36000	27
36000	31
36000	21
36000	29
36000	32
36000	30
36000	30
36000	27
36000	27
37000	25
37000	30
37000	19
37000	23
37000	30
37000	32
37000	25
37000	32
37000	23
37000	30
37000	30
37000	30
37000	30
37000	30
37000	30
37000	30
37000	29
37000	25
37000	30
37000	27
37000	32
37000	30
37000	30
37000	23
37000	30
37000	21
37000	32
37000	30
37000	31
37000	25
37000	29
37000	30
37000	29
37000	30
37000	29
37000	29
37000	25
37000	27
37000	27
37000	30
37000	30
37000	32
37000	25
37000	27
37000	32
37000	27
37000	25
37000	27
37000	30
37000	30
37000	27
37000	29
37000	27
37000	27
37000	30
37000	30
37000	27
37000	27
37000	19
37000	27
37000	30
37000	30
37000	27
37000	32
37000	25
37000	31
37000	30
37000	29
37000	32
37000	32
37000	32
37000	30
37000	29
37000	30
37000	29
37000	21
37000	27
37000	32
37000	30
37000	25
37000	32
37000	25
37000	27
37000	29
37000	21
37000	25
37000	29
37000	30
37000	27
37000	30
37000	27
37000	30
37000	29
37000	19
37000	30
37000	29
37000	32
37000	29
37000	32
37000	25
38000	23
38000	25
38000	30
38000	27
38000	30
38000	25
38000	23
38000	27
38000	32
38000	25
38000	23
38000	29
38000	30
38000	29
38000	29
38000	32
38000	31
38000	30
38000	30
38000	30
38000	30
38000	31
38000	27
38000	29
38000	32
38000	27
38000	30
38000	27
38000	27
38000	27
38000	32
38000	32
38000	29
38000	30
38000	19
38000	25
38000	32
38000	31
38000	29
38000	27
38000	30
38000	31
38000	30
38000	30
38000	29
38000	32
38000	32
38000	32
38000	27
38000	30
38000	30
38000	30
38000	25
38000	32
38000	25
38000	27
38000	29
38000	30
38000	30
38000	29
38000	27
38000	29
38000	30
38000	30
38000	30
38000	30
38000	25
38000	32
38000	32
38000	25
38000	32
38000	30
38000	32
38000	23
38000	23
38000	29
38000	30
38000	30
38000	29
38000	30
38000	30
38000	29
38000	29
38000	27
38000	25
38000	27
38000	29
38000	25
38000	30
38000	32
38000	27
38000	31
38000	30
38000	32
38000	30
38000	27
38000	27
38000	13
38000	25
38000	30
39000	32
39000	25
39000	27
39000	27
39000	32
39000	25
39000	30
39000	31
39000	30
39000	31
39000	19
39000	29
39000	29
39000	27
39000	25
39000	31
39000	30
39000	23
39000	32
39000	27
39000	27
39000	30
39000	25
39000	30
39000	30
39000	32
39000	25
39000	29
39000	27
39000	32
39000	29
39000	27
39000	30
39000	32
39000	29
39000	32
39000	30
39000	29
39000	31
39000	27
39000	32
39000	29
39000	19
39000	29
39000	30
39000	29
39000	21
39000	27
39000	29
39000	21
39000	31
39000	29
39000	29
39000	25
39000	27
39000	27
39000	29
39000	29
39000	30
39000	31
39000	27
39000	19
39000	31
39000	25
39000	29
39000	27
39000	29
39000	32
39000	27
39000	27
39000	32
39000	27
39000	31
39000	29
39000	27
39000	32
39000	30
39000	27
39000	29
39000	27
39000	32
39000	32
39000	27
39000	29
39000	31
39000	31
39000	30
39000	31
39000	30
39000	27
39000	30
39000	29
39000	31
39000	25
39000	27
39000	21
39000	31
39000	30
39000	25
39000	25
40000	30
40000	30
40000	23
40000	29
40000	31
40000	31
40000	19
40000	30
40000	27
40000	30
40000	27
40000	29
40000	30
40000	21
40000	30
40000	29
40000	29
40000	29
40000	29
40000	30
40000	29
40000	25
40000	23
40000	27
40000	27
40000	27
40000	27
40000	27
40000	30
40000	29
40000	29
40000	32
40000	29
40000	29
40000	27
40000	32
40000	30
40000	19
40000	29
40000	30
40000	15
40000	32
40000	25
40000	27
40000	32
40000	29
40000	27
40000	23
40000	29
40000	29
40000	30
40000	25
40000	29
40000	25
40000	25
40000	23
40000	29
40000	29
40000	29
40000	29
40000	29
40000	29
40000	27
40000	23
40000	32
40000	29
40000	30
40000	29
40000	21
40000	27
40000	32
40000	29
40000	30
40000	32
40000	30
40000	32
40000	25
40000	25
40000	27
40000	27
40000	25
40000	30
40000	29
40000	30
40000	21
40000	32
40000	30
40000	27
40000	30
40000	29
40000	29
40000	29
40000	29
40000	25
40000	23
40000	30
40000	25
40000	27
40000	29
40000	27
41000	25
41000	25
41000	30
41000	31
41000	31
41000	30
41000	29
41000	32
41000	30
41000	29
41000	30
41000	30
41000	27
41000	27
41000	29
41000	31
41000	27
41000	27
41000	32
41000	30
41000	31
41000	32
41000	31
41000	31
41000	27
41000	27
41000	30
41000	19
41000	31
41000	30
41000	32
41000	29
41000	30
41000	27
41000	32
41000	31
41000	30
41000	29
41000	29
41000	32
41000	30
41000	27
41000	23
41000	29
41000	32
41000	32
41000	29
41000	30
41000	30
41000	25
41000	30
41000	27
41000	29
41000	30
41000	27
41000	32
41000	23
41000	25
41000	30
41000	29
41000	25
41000	27
41000	27
41000	30
41000	29
41000	29
41000	25
41000	32
41000	27
41000	23
41000	29
41000	29
41000	25
41000	25
41000	32
41000	30
41000	30
41000	29
41000	30
41000	30
41000	32
41000	32
41000	31
41000	27
41000	21
41000	32
41000	25
41000	32
41000	29
41000	29
41000	30
41000	30
41000	32
41000	32
41000	32
41000	29
41000	27
41000	32
41000	30
41000	30
42000	30
42000	27
42000	27
42000	29
42000	21
42000	30
42000	30
42000	31
42000	29
42000	27
42000	27
42000	30
42000	27
42000	29
42000	29
42000	31
42000	32
42000	32
42000	31
42000	27
42000	29
42000	32
42000	27
42000	27
42000	25
42000	29
42000	29
42000	31
42000	32
42000	30
42000	19
42000	29
42000	31
42000	29
42000	30
42000	30
42000	30
42000	25
42000	30
42000	29
42000	32
42000	27
42000	27
42000	27
42000	29
42000	31
42000	23
42000	31
42000	30
42000	32
42000	27
42000	25
42000	30
42000	29
42000	29
42000	25
42000	19
42000	25
42000	31
42000	32
42000	27
42000	32
42000	27
42000	23
42000	30
42000	32
42000	31
42000	19
42000	29
42000	23
42000	31
42000	30
42000	27
42000	27
42000	25
42000	29
42000	23
42000	30
42000	29
42000	29
42000	25
42000	29
42000	30
42000	30
42000	30
42000	29
42000	29
42000	25
42000	25
42000	29
42000	30
42000	30
42000	32
42000	30
42000	29
42000	23
42000	30
42000	27
42000	32
42000	30
43000	30
43000	23
43000	27
43000	29
43000	27
43000	30
43000	29
43000	32
43000	29
43000	29
43000	23
43000	23
43000	30
43000	31
43000	30
43000	30
43000	29
43000	30
43000	21
43000	29
43000	29
43000	32
43000	29
43000	32
43000	30
43000	31
43000	17
43000	23
43000	30
43000	27
43000	27
43000	23
43000	25
43000	32
43000	30
43000	30
43000	25
43000	30
43000	29
43000	27
43000	31
43000	30
43000	25
43000	11
43000	29
43000	27
43000	31
43000	30
43000	27
43000	29
43000	32
43000	29
43000	30
43000	27
43000	29
43000	32
43000	27
43000	29
43000	23
43000	31
43000	30
43000	29
43000	29
43000	27
43000	30
43000	27
43000	29
43000	25
43000	31
43000	32
43000	29
43000	27
43000	27
43000	32
43000	31
43000	30
43000	21
43000	32
43000	30
43000	23
43000	30
43000	27
43000	29
43000	23
43000	29
43000	25
43000	29
43000	32
43000	30
43000	27
43000	25
43000	23
43000	29
43000	30
43000	30
43000	29
43000	32
43000	25
43000	27
43000	29
44000	25
44000	25
44000	31
44000	25
44000	25
44000	29
44000	31
44000	29
44000	27
44000	27
44000	32
44000	23
44000	30
44000	31
44000	30
44000	31
44000	23
44000	30
44000	25
44000	27
44000	30
44000	21
44000	32
44000	27
44000	30
44000	25
44000	25
44000	32
44000	30
44000	29
44000	27
44000	23
44000	32
44000	32
44000	30
44000	21
44000	25
44000	30
44000	25
44000	32
44000	31
44000	17
44000	31
44000	32
44000	30
44000	27
44000	25
44000	31
44000	29
44000	30
44000	25
44000	23
44000	23
44000	30
44000	29
44000	23
44000	23
44000	25
44000	29
44000	32
44000	30
44000	29
44000	31
44000	29
44000	31
44000	31
44000	32
44000	30
44000	27
44000	31
44000	23
44000	30
44000	29
44000	30
44000	30
44000	31
44000	29
44000	29
44000	27
44000	27
44000	29
44000	29
44000	29
44000	32
44000	29
44000	21
44000	25
44000	25
44000	25
44000	30
44000	30
44000	27
44000	27
44000	32
44000	32
44000	31
44000	30
44000	30
44000	30
44000	27
45000	25
45000	30
45000	32
45000	29
45000	25
45000	31
45000	29
45000	30
45000	29
45000	27
45000	21
45000	31
45000	27
45000	31
45000	32
45000	25
45000	30
45000	29
45000	30
45000	30
45000	27
45000	27
45000	25
45000	29
45000	27
45000	31
45000	29
45000	29
45000	21
45000	21
45000	25
45000	21
45000	30
45000	31
45000	32
45000	29
45000	29
45000	30
45000	27
45000	25
45000	25
45000	32
45000	30
45000	30
45000	25
45000	31
45000	30
45000	27
45000	32
45000	25
45000	29
45000	29
45000	25
45000	32
45000	27
45000	29
45000	23
45000	30
45000	29
45000	32
45000	29
45000	29
45000	30
45000	30
45000	29
45000	29
45000	29
45000	27
45000	27
45000	29
45000	30
45000	30
45000	32
45000	32
45000	27
45000	31
45000	27
45000	27
45000	21
45000	21
45000	29
45000	32
45000	32
45000	29
45000	30
45000	31
45000	31
45000	29
45000	32
45000	30
45000	23
45000	29
45000	32
45000	30
45000	23
45000	31
45000	23
45000	23
45000	30
45000	31
46000	32
46000	29
46000	32
46000	27
46000	31
46000	29
46000	27
46000	32
46000	29
46000	32
46000	29
46000	27
46000	32
46000	31
46000	19
46000	31
46000	32
46000	31
46000	32
46000	30
46000	31
46000	30
46000	32
46000	23
46000	30
46000	32
46000	25
46000	23
46000	27
46000	29
46000	30
46000	32
46000	25
46000	27
46000	30
46000	31
46000	27
46000	30
46000	25
46000	32
46000	30
46000	29
46000	29
46000	29
46000	25
46000	29
46000	27
46000	30
46000	23
46000	25
46000	29
46000	29
46000	21
46000	29
46000	32
46000	25
46000	25
46000	27
46000	25
46000	32
46000	29
46000	31
46000	27
46000	30
46000	25
46000	31
46000	30
46000	29
46000	32
46000	29
46000	31
46000	30
46000	27
46000	27
46000	30
46000	29
46000	27
46000	30
46000	19
46000	27
46000	29
46000	29
46000	31
46000	30
46000	29
46000	27
46000	32
46000	21
46000	27
46000	32
46000	32
46000	32
46000	29
46000	27
46000	32
46000	31
46000	31
46000	29
46000	30
46000	29
47000	30
47000	30
47000	32
47000	31
47000	29
47000	27
47000	30
47000	27
47000	30
47000	29
47000	29
47000	32
47000	23
47000	32
47000	31
47000	27
47000	29
47000	29
47000	30
47000	25
47000	30
47000	29
47000	32
47000	32
47000	31
47000	17
47000	27
47000	30
47000	29
47000	32
47000	29
47000	29
47000	31
47000	23
47000	19
47000	29
47000	25
47000	25
47000	29
47000	27
47000	27
47000	30
47000	32
47000	29
47000	32
47000	25
47000	30
47000	32
47000	29
47000	29
47000	32
47000	29
47000	27
47000	32
47000	32
47000	27
47000	30
47000	32
47000	27
47000	30
47000	29
47000	25
47000	29
47000	32
47000	32
47000	21
47000	29
47000	32
47000	19
47000	32
47000	30
47000	19
47000	29
47000	29
47000	31
47000	31
47000	31
47000	25
47000	23
47000	32
47000	27
47000	27
47000	27
47000	25
47000	31
47000	32
47000	25
47000	30
47000	27
47000	30
47000	32
47000	30
47000	27
47000	25
47000	30
47000	29
47000	27
47000	27
47000	29
47000	29
48000	30
48000	23
48000	30
48000	32
48000	31
48000	31
48000	27
48000	29
48000	31
48000	29
48000	30
48000	25
48000	29
48000	31
48000	32
48000	29
48000	32
48000	32
48000	30
48000	31
48000	27
48000	29
48000	27
48000	25
48000	32
48000	32
48000	21
48000	29
48000	25
48000	32
48000	25
48000	30
48000	27
48000	25
48000	21
48000	27
48000	32
48000	32
48000	27
48000	30
48000	31
48000	32
48000	32
48000	25
48000	25
48000	32
48000	32
48000	30
48000	27
48000	29
48000	27
48000	27
48000	31
48000	25
48000	25
48000	29
48000	30
48000	32
48000	30
48000	29
48000	32
48000	32
48000	31
48000	25
48000	30
48000	29
48000	25
48000	27
48000	29
48000	31
48000	31
48000	29
48000	32
48000	32
48000	32
48000	27
48000	27
48000	30
48000	29
48000	32
48000	25
48000	23
48000	27
48000	27
48000	32
48000	32
48000	25
48000	27
48000	32
48000	23
48000	27
48000	27
48000	32
48000	30
48000	31
48000	17
48000	32
48000	30
48000	23
48000	29
49000	23
49000	31
49000	27
49000	25
49000	31
49000	29
49000	31
49000	32
49000	27
49000	32
49000	27
49000	31
49000	31
49000	32
49000	32
49000	31
49000	29
49000	31
49000	32
49000	29
49000	27
49000	30
49000	31
49000	25
49000	30
49000	27
49000	32
49000	25
49000	32
49000	32
49000	30
49000	31
49000	25
49000	27
49000	29
49000	29
49000	23
49000	29
49000	29
49000	21
49000	27
49000	32
49000	13
49000	32
49000	31
49000	29
49000	25
49000	27
49000	27
49000	29
49000	27
49000	27
49000	31
49000	32
49000	32
49000	25
49000	23
49000	30
49000	27
49000	31
49000	30
49000	23
49000	30
49000	30
49000	29
49000	32
49000	29
49000	29
49000	30
49000	30
49000	29
49000	32
49000	31
49000	32
49000	32
49000	29
49000	25
49000	29
49000	32
49000	27
49000	25
49000	31
49000	32
49000	29
49000	29
49000	25
49000	27
49000	25
49000	31
49000	32
49000	17
49000	29
49000	32
49000	23
49000	31
49000	29
49000	32
49000	32
49000	30
49000	27
50000	19
50000	31
50000	27
50000	30
50000	29
50000	25
50000	29
50000	29
50000	25
50000	31
50000	25
50000	27
50000	32
50000	29
50000	32
50000	29
50000	27
50000	27
50000	30
50000	25
50000	32
50000	23
50000	25
50000	27
50000	29
50000	31
50000	23
50000	30
50000	29
50000	27
50000	27
50000	29
50000	29
50000	29
50000	30
50000	27
50000	31
50000	32
50000	32
50000	29
50000	32
50000	31
50000	25
50000	30
50000	29
50000	29
50000	32
50000	25
50000	32
50000	25
50000	27
50000	25
50000	27
50000	27
50000	30
50000	29
50000	32
50000	25
50000	31
50000	30
50000	31
50000	31
50000	25
50000	25
50000	31
50000	30
50000	32
50000	32
50000	21
50000	27
50000	27
50000	30
50000	17
50000	27
50000	32
50000	30
50000	31
50000	32
50000	25
50000	30
50000	32
50000	31
50000	31
50000	23
50000	32
50000	32
50000	29
50000	30
50000	25
50000	23
50000	32
50000	32
50000	30
50000	32
50000	29
50000	25
50000	30
50000	31
50000	32
50000	25
51000	30
51000	31
51000	31
51000	31
51000	29
51000	29
51000	27
51000	30
51000	32
51000	31
51000	27
51000	25
51000	27
51000	29
51000	31
51000	29
51000	32
51000	27
51000	32
51000	29
51000	25
51000	32
51000	25
51000	32
51000	25
51000	31
51000	32
51000	30
51000	27
51000	27
51000	29
51000	21
51000	29
51000	29
51000	32
51000	30
51000	30
51000	31
51000	27
51000	25
51000	27
51000	32
51000	27
51000	27
51000	27
51000	25
51000	19
51000	27
51000	27
51000	31
51000	27
51000	29
51000	30
51000	25
51000	25
51000	32
51000	25
51000	32
51000	32
51000	29
51000	23
51000	32
51000	29
51000	32
51000	32
51000	32
51000	32
51000	25
51000	32
51000	32
51000	32
51000	31
51000	31
51000	29
51000	32
51000	29
51000	32
51000	29
51000	32
51000	23
51000	31
51000	32
51000	32
51000	32
51000	29
51000	29
51000	25
51000	31
51000	31
51000	25
51000	31
51000	31
51000	27
51000	32
51000	32
51000	25
51000	21
51000	30
51000	32
51000	25
52000	30
52000	29
52000	25
52000	23
52000	27
52000	30
52000	21
52000	27
52000	31
52000	27
52000	25
52000	29
52000	25
52000	27
52000	25
52000	25
52000	31
52000	25
52000	9
52000	32
52000	23
52000	25
52000	23
52000	32
52000	32
52000	29
52000	30
52000	23
52000	31
52000	30
52000	27
52000	32
52000	30
52000	23
52000	32
52000	27
52000	32
52000	29
52000	29
52000	30
52000	29
52000	31
52000	30
52000	25
52000	27
52000	32
52000	27
52000	29
52000	21
52000	32
52000	32
52000	29
52000	27
52000	27
52000	32
52000	27
52000	32
52000	31
52000	31
52000	32
52000	29
52000	27
52000	30
52000	32
52000	27
52000	29
52000	32
52000	25
52000	32
52000	31
52000	32
52000	29
52000	27
52000	29
52000	32
52000	25
52000	32
52000	30
52000	27
52000	31
52000	32
52000	29
52000	32
52000	27
52000	27
52000	30
52000	31
52000	27
52000	32
52000	31
52000	30
52000	29
52000	32
52000	32
52000	32
52000	29
52000	25
52000	29
52000	29
52000	27
53000	15
53000	29
53000	29
53000	29
53000	23
53000	32
53000	29
53000	30
53000	29
53000	32
53000	27
53000	32
53000	32
53000	29
53000	25
53000	29
53000	32
53000	29
53000	32
53000	27
53000	29
53000	32
53000	30
53000	27
53000	29
53000	29
53000	30
53000	27
53000	32
53000	25
53000	25
53000	31
53000	27
53000	23
53000	25
53000	31
53000	32
53000	25
53000	30
53000	30
53000	27
53000	23
53000	32
53000	32
53000	29
53000	32
53000	27
53000	27
53000	32
53000	27
53000	17
53000	27
53000	32
53000	31
53000	29
53000	31
53000	27
53000	31
53000	21
53000	31
53000	32
53000	32
53000	29
53000	32
53000	29
53000	29
53000	29
53000	31
53000	27
53000	27
53000	29
53000	31
53000	32
53000	29
53000	32
53000	32
53000	29
53000	27
53000	25
53000	21
53000	27
53000	23
53000	32
53000	29
53000	32
53000	27
53000	29
53000	25
53000	29
53000	25
53000	29
53000	31
53000	30
53000	32
53000	32
53000	27
53000	32
53000	32
53000	29
53000	31
54000	32
54000	32
54000	30
54000	32
54000	15
54000	29
54000	32
54000	23
54000	23
54000	27
54000	29
54000	32
54000	32
54000	29
54000	31
54000	31
54000	29
54000	32
54000	31
54000	27
54000	32
54000	32
54000	27
54000	29
54000	27
54000	29
54000	25
54000	32
54000	29
54000	23
54000	27
54000	27
54000	29
54000	32
54000	29
54000	32
54000	32
54000	32
54000	32
54000	27
54000	23
54000	31
54000	21
54000	32
54000	30
54000	32
54000	27
54000	30
54000	30
54000	31
54000	27
54000	32
54000	17
54000	29
54000	29
54000	30
54000	31
54000	29
54000	21
54000	32
54000	32
54000	31
54000	32
54000	32
54000	32
54000	31
54000	30
54000	29
54000	31
54000	31
54000	25
54000	30
54000	32
54000	31
54000	31
54000	27
54000	32
54000	29
54000	29
54000	31
54000	29
54000	32
54000	30
54000	25
54000	31
54000	27
54000	32
54000	29
54000	32
54000	30
54000	32
54000	29
54000	25
54000	23
54000	30
54000	30
54000	32
54000	29
54000	25
54000	19
55000	32
55000	25
55000	30
55000	31
55000	32
55000	29
55000	27
55000	27
55000	27
55000	27
55000	32
55000	32
55000	32
55000	25
55000	30
55000	31
55000	32
55000	23
55000	29
55000	23
55000	29
55000	29
55000	31
55000	25
55000	32
55000	9
55000	29
55000	30
55000	29
55000	32
55000	21
55000	30
55000	30
55000	29
55000	32
55000	29
55000	19
55000	27
55000	23
55000	27
55000	29
55000	25
55000	32
55000	21
55000	29
55000	30
55000	29
55000	32
55000	29
55000	27
55000	31
55000	29
55000	25
55000	32
55000	25
55000	32
55000	31
55000	27
55000	23
55000	25
55000	27
55000	27
55000	27
55000	29
55000	30
55000	31
55000	31
55000	32
55000	31
55000	31
55000	32
55000	30
55000	25
55000	30
55000	32
55000	27
55000	23
55000	31
55000	25
55000	27
55000	32
55000	29
55000	32
55000	23
55000	29
55000	32
55000	31
55000	27
55000	31
55000	19
55000	25
55000	30
55000	27
55000	31
55000	25
55000	32
55000	32
55000	27
55000	29
55000	32
56000	25
56000	30
56000	32
56000	27
56000	29
56000	32
56000	32
56000	32
56000	32
56000	29
56000	32
56000	23
56000	23
56000	30
56000	29
56000	32
56000	25
56000	23
56000	27
56000	32
56000	30
56000	32
56000	27
56000	30
56000	27
56000	21
56000	27
56000	27
56000	27
56000	25
56000	32
56000	32
56000	32
56000	27
56000	27
56000	32
56000	25
56000	29
56000	32
56000	32
56000	32
56000	27
56000	31
56000	29
56000	32
56000	31
56000	25
56000	31
56000	29
56000	30
56000	27
56000	29
56000	32
56000	32
56000	27
56000	29
56000	29
56000	25
56000	31
56000	31
56000	31
56000	29
56000	32
56000	31
56000	29
56000	29
56000	27
56000	32
56000	27
56000	31
56000	27
56000	29
56000	29
56000	30
56000	23
56000	32
56000	29
56000	29
56000	27
56000	29
56000	32
56000	29
56000	27
56000	27
56000	25
56000	32
56000	23
56000	31
56000	32
56000	25
56000	32
56000	27
56000	31
56000	32
56000	30
56000	27
56000	25
56000	32
56000	29
56000	27
57000	27
57000	27
57000	27
57000	29
57000	29
57000	32
57000	32
57000	32
57000	27
57000	27
57000	27
57000	29
57000	32
57000	31
57000	32
57000	31
57000	29
57000	23
57000	27
57000	32
57000	32
57000	27
57000	31
57000	30
57000	31
57000	31
57000	27
57000	30
57000	31
57000	23
57000	30
57000	27
57000	29
57000	32
57000	27
57000	27
57000	25
57000	29
57000	32
57000	30
57000	25
57000	27
57000	32
57000	29
57000	32
57000	32
57000	30
57000	25
57000	32
57000	32
57000	23
57000	29
57000	32
57000	30
57000	31
57000	19
57000	27
57000	31
57000	31
57000	31
57000	29
57000	27
57000	32
57000	31
57000	29
57000	27
57000	15
57000	17
57000	31
57000	32
57000	29
57000	31
57000	32
57000	32
57000	31
57000	31
57000	27
57000	31
57000	23
57000	29
57000	32
57000	27
57000	32
57000	31
57000	27
57000	30
57000	32
57000	25
57000	31
57000	32
57000	32
57000	31
57000	32
57000	32
57000	27
57000	32
57000	25
57000	27
57000	29
57000	31
58000	29
58000	30
58000	29
58000	27
58000	31
58000	32
58000	29
58000	25
58000	32
58000	27
58000	32
58000	29
58000	32
58000	25
58000	27
58000	27
58000	23
58000	27
58000	9
58000	32
58000	27
58000	29
58000	30
58000	32
58000	32
58000	29
58000	27
58000	32
58000	25
58000	32
58000	27
58000	32
58000	29
58000	29
58000	27
58000	32
58000	31
58000	29
58000	32
58000	29
58000	32
58000	23
58000	32
58000	32
58000	31
58000	15
58000	32
58000	32
58000	23
58000	32
58000	29
58000	25
58000	27
58000	29
58000	31
58000	27
58000	27
58000	27
58000	30
58000	19
58000	32
58000	30
58000	27
58000	31
58000	27
58000	29
58000	25
58000	25
58000	29
58000	32
58000	31
58000	27
58000	31
58000	32
58000	31
58000	29
58000	27
58000	29
58000	29
58000	32
58000	32
58000	32
58000	32
58000	32
58000	32
58000	27
58000	29
58000	27
58000	32
58000	21
58000	32
58000	32
58000	30
58000	29
58000	15
58000	32
58000	27
58000	25
58000	29
58000	29
59000	29
59000	29
59000	27
59000	32
59000	27
59000	30
59000	27
59000	31
59000	29
59000	32
59000	32
59000	29
59000	27
59000	31
59000	31
59000	32
59000	25
59000	29
59000	30
59000	27
59000	29
59000	32
59000	25
59000	25
59000	23
59000	25
59000	29
59000	32
59000	31
59000	32
59000	25
59000	32
59000	32
59000	31
59000	27
59000	29
59000	32
59000	29
59000	32
59000	31
59000	32
59000	32
59000	32
59000	32
59000	29
59000	27
59000	31
59000	32
59000	29
59000	32
59000	30
59000	23
59000	32
59000	27
59000	27
59000	29
59000	32
59000	29
59000	29
59000	30
59000	29
59000	31
59000	31
59000	32
59000	31
59000	32
59000	31
59000	29
59000	32
59000	32
59000	25
59000	32
59000	32
59000	32
59000	27
59000	32
59000	29
59000	32
59000	27
59000	29
59000	31
59000	25
59000	29
59000	32
59000	30
59000	29
59000	31
59000	32
59000	32
59000	29
59000	29
59000	27
59000	27
59000	32
59000	27
59000	23
59000	29
59000	32
59000	27
59000	32
60000	32
60000	25
60000	31
60000	32
60000	23
60000	32
60000	15
60000	29
60000	31
60000	31
60000	23
60000	17
60000	32
60000	27
60000	29
60000	29
60000	31
60000	29
60000	31
60000	32
60000	32
60000	29
60000	31
60000	32
60000	27
60000	32
60000	29
60000	32
60000	25
60000	31
60000	32
60000	27
60000	32
60000	29
60000	25
60000	21
60000	32
60000	31
60000	29
60000	29
60000	32
60000	29
60000	32
60000	27
60000	25
60000	31
60000	25
60000	32
60000	31
60000	27
60000	32
60000	31
60000	32
60000	27
60000	27
60000	29
60000	23
60000	25
60000	31
60000	29
60000	27
60000	29
60000	29
60000	25
60000	32
60000	25
60000	25
60000	21
60000	32
60000	29
60000	32
60000	27
60000	32
60000	25
60000	29
60000	27
60000	29
60000	31
60000	31
60000	31
60000	32
60000	27
60000	27
60000	31
60000	29
60000	31
60000	32
60000	27
60000	32
60000	29
60000	32
60000	32
60000	27
60000	29
60000	31
60000	32
60000	32
60000	29
60000	21
60000	31
61000	31
61000	30
61000	29
61000	23
61000	32
61000	27
61000	32
61000	32
61000	27
61000	32
61000	32
61000	25
61000	32
61000	29
61000	25
61000	25
61000	27
61000	29
61000	31
61000	25
61000	9
61000	29
61000	32
61000	29
61000	31
61000	27
61000	27
61000	29
61000	32
61000	31
61000	31
61000	31
61000	29
61000	32
61000	32
61000	29
61000	23
61000	30
61000	29
61000	25
61000	25
61000	29
61000	31
61000	32
61000	31
61000	32
61000	32
61000	25
61000	32
61000	32
61000	27
61000	31
61000	31
61000	32
61000	29
61000	25
61000	29
61000	29
61000	25
61000	29
61000	29
61000	32
61000	31
61000	21
61000	32
61000	32
61000	32
61000	23
61000	32
61000	29
61000	29
61000	27
61000	32
61000	25
61000	27
61000	30
61000	29
61000	32
61000	15
61000	32
61000	25
61000	27
61000	32
61000	32
61000	32
61000	32
61000	29
61000	23
61000	31
61000	29
61000	30
61000	32
61000	32
61000	32
61000	32
61000	29
61000	32
61000	21
61000	31
61000	31
62000	27
62000	32
62000	27
62000	25
62000	25
62000	29
62000	32
62000	27
62000	32
62000	32
62000	27
62000	31
62000	29
62000	25
62000	32
62000	29
62000	32
62000	32
62000	32
62000	29
62000	31
62000	31
62000	31
62000	32
62000	30
62000	32
62000	31
62000	25
62000	25
62000	29
62000	29
62000	27
62000	32
62000	32
62000	32
62000	31
62000	32
62000	27
62000	27
62000	31
62000	32
62000	27
62000	32
62000	31
62000	23
62000	32
62000	29
62000	29
62000	32
62000	27
62000	23
62000	31
62000	31
62000	32
62000	21
62000	23
62000	29
62000	32
62000	23
62000	32
62000	31
62000	29
62000	23
62000	29
62000	27
62000	29
62000	23
62000	21
62000	32
62000	32
62000	32
62000	29
62000	31
62000	32
62000	21
62000	29
62000	32
62000	29
62000	32
62000	32
62000	29
62000	27
62000	32
62000	31
62000	32
62000	30
62000	27
62000	31
62000	32
62000	32
62000	29
62000	23
62000	29
62000	29
62000	11
62000	32
62000	31
62000	29
62000	32
62000	27
63000	27
63000	31
63000	31
63000	29
63000	25
63000	31
63000	32
63000	19
63000	29
63000	32
63000	29
63000	29
63000	32
63000	29
63000	30
63000	32
63000	31
63000	27
63000	29
63000	31
63000	27
63000	27
63000	32
63000	15
63000	29
63000	32
63000	32
63000	29
63000	30
63000	32
63000	31
63000	32
63000	32
63000	32
63000	25
63000	32
63000	29
63000	25
63000	32
63000	31
63000	32
63000	29
63000	32
63000	27
63000	29
63000	32
63000	31
63000	32
63000	32
63000	29
63000	31
63000	31
63000	29
63000	29
63000	25
63000	27
63000	25
63000	29
63000	29
63000	29
63000	29
63000	32
63000	25
63000	25
63000	29
63000	32
63000	29
63000	25
63000	32
63000	31
63000	27
63000	23
63000	32
63000	32
63000	31
63000	30
63000	29
63000	29
63000	32
63000	31
63000	29
63000	23
63000	32
63000	29
63000	27
63000	21
63000	27
63000	29
63000	31
63000	32
63000	31
63000	32
63000	31
63000	29
63000	32
63000	31
63000	32
63000	27
63000	32
63000	29
64000	23
64000	29
64000	32
64000	15
64000	27
64000	32
64000	29
64000	32
64000	25
64000	32
64000	29
64000	27
64000	32
64000	32
64000	29
64000	29
64000	25
64000	32
64000	31
64000	32
64000	19
64000	32
64000	31
64000	27
64000	25
64000	32
64000	31
64000	31
64000	32
64000	29
64000	23
64000	29
64000	31
64000	27
64000	31
64000	27
64000	25
64000	27
64000	32
64000	32
64000	29
64000	31
64000	31
64000	31
64000	29
64000	27
64000	31
64000	29
64000	32
64000	29
64000	32
64000	32
64000	32
64000	29
64000	29
64000	29
64000	31
64000	31
64000	32
64000	32
64000	32
64000	29
64000	29
64000	32
64000	21
64000	23
64000	29
64000	32
64000	32
64000	32
64000	27
64000	31
64000	27
64000	32
64000	32
64000	32
64000	32
64000	32
64000	27
64000	31
64000	29
64000	29
64000	25
64000	29
64000	29
64000	27
64000	32
64000	31
64000	32
64000	32
64000	31
64000	21
64000	25
64000	32
64000	29
64000	32
64000	27
64000	15
64000	31
64000	29
65000	23
65000	32
65000	29
65000	27
65000	27
65000	32
65000	31
65000	32
65000	29
65000	29
65000	32
65000	29
65000	19
65000	29
65000	31
65000	31
65000	27
65000	29
65000	32
65000	29
65000	31
65000	25
65000	29
65000	27
65000	27
65000	25
65000	32
65000	29
65000	29
65000	31
65000	32
65000	29
65000	32
65000	29
65000	29
65000	32
65000	32
65000	25
65000	32
65000	31
65000	32
65000	31
65000	32
65000	32
65000	25
65000	25
65000	29
65000	32
65000	27
65000	32
65000	29
65000	27
65000	32
65000	31
65000	29
65000	31
65000	17
65000	32
65000	32
65000	32
65000	23
65000	29
65000	23
65000	32
65000	29
65000	32
65000	31
65000	31
65000	31
65000	32
65000	32
65000	25
65000	29
65000	31
65000	32
65000	29
65000	32
65000	32
65000	25
65000	31
65000	31
65000	27
65000	32
65000	29
65000	19
65000	27
65000	32
65000	31
65000	32
65000	32
65000	32
65000	32
65000	32
65000	31
65000	29
65000	31
65000	31
65000	27
65000	32
65000	32
66000	27
66000	29
66000	32
66000	32
66000	32
66000	21
66000	32
66000	29
66000	25
66000	31
66000	32
66000	32
66000	32
66000	32
66000	27
66000	31
66000	32
66000	25
66000	29
66000	27
66000	32
66000	32
66000	31
66000	31
66000	32
66000	29
66000	32
66000	32
66000	32
66000	32
66000	32
66000	32
66000	31
66000	31
66000	32
66000	31
66000	29
66000	31
66000	27
66000	27
66000	32
66000	25
66000	32
66000	29
66000	21
66000	32
66000	32
66000	25
66000	31
66000	29
66000	31
66000	32
66000	21
66000	31
66000	21
66000	27
66000	32
66000	32
66000	29
66000	31
66000	25
66000	31
66000	29
66000	32
66000	29
66000	29
66000	31
66000	32
66000	32
66000	25
66000	27
66000	32
66000	25
66000	29
66000	27
66000	32
66000	25
66000	27
66000	31
66000	32
66000	31
66000	31
66000	32
66000	31
66000	29
66000	32
66000	32
66000	29
66000	31
66000	27
66000	23
66000	25
66000	32
66000	32
66000	32
66000	27
66000	32
66000	29
66000	31
66000	27
67000	31
67000	32
67000	32
67000	32
67000	27
67000	25
67000	32
67000	29
67000	23
67000	31
67000	32
67000	32
67000	25
67000	31
67000	32
67000	32
67000	29
67000	29
67000	32
67000	32
67000	29
67000	31
67000	27
67000	32
67000	31
67000	32
67000	32
67000	32
67000	32
67000	29
67000	29
67000	32
67000	29
67000	31
67000	32
67000	34
67000	32
67000	29
67000	25
67000	27
67000	21
67000	32
67000	32
67000	31
67000	29
67000	23
67000	32
67000	27
67000	32
67000	32
67000	27
67000	32
67000	27
67000	32
67000	32
67000	33
67000	29
67000	33
67000	29
67000	32
67000	31
67000	32
67000	32
67000	27
67000	23
67000	29
67000	21
67000	21
67000	23
67000	32
67000	32
67000	33
67000	27
67000	32
67000	32
67000	17
67000	32
67000	32
67000	25
67000	32
67000	32
67000	27
67000	29
67000	25
67000	34
67000	25
67000	27
67000	31
67000	29
67000	23
67000	32
67000	29
67000	27
67000	29
67000	32
67000	32
67000	27
67000	27
67000	29
67000	31
68000	32
68000	32
68000	29
68000	34
68000	29
68000	32
68000	32
68000	23
68000	31
68000	27
68000	32
68000	29
68000	29
68000	29
68000	23
68000	32
68000	29
68000	32
68000	29
68000	27
68000	32
68000	31
68000	29
68000	27
68000	32
68000	32
68000	33
68000	31
68000	25
68000	29
68000	32
68000	31
68000	32
68000	29
68000	27
68000	32
68000	25
68000	32
68000	27
68000	32
68000	32
68000	32
68000	27
68000	32
68000	25
68000	32
68000	32
68000	27
68000	32
68000	31
68000	32
68000	25
68000	27
68000	31
68000	32
68000	31
68000	32
68000	21
68000	29
68000	31
68000	32
68000	27
68000	29
68000	32
68000	27
68000	29
68000	32
68000	32
68000	25
68000	32
68000	31
68000	29
68000	32
68000	32
68000	32
68000	31
68000	29
68000	32
68000	31
68000	33
68000	32
68000	29
68000	29
68000	29
68000	29
68000	32
68000	31
68000	32
68000	32
68000	29
68000	29
68000	27
68000	32
68000	32
68000	32
68000	31
68000	29
68000	27
68000	27
68000	27
69000	29
69000	32
69000	29
69000	32
69000	31
69000	32
69000	25
69000	32
69000	32
69000	29
69000	32
69000	29
69000	25
69000	32
69000	32
69000	29
69000	29
69000	31
69000	29
69000	32
69000	23
69000	32
69000	29
69000	29
69000	32
69000	27
69000	32
69000	32
69000	29
69000	29
69000	31
69000	31
69000	31
69000	32
69000	31
69000	32
69000	27
69000	32
69000	32
69000	19
69000	33
69000	31
69000	29
69000	32
69000	25
69000	32
69000	32
69000	32
69000	32
69000	29
69000	29
69000	25
69000	32
69000	32
69000	32
69000	32
69000	31
69000	32
69000	34
69000	31
69000	31
69000	34
69000	32
69000	29
69000	27
69000	32
69000	29
69000	32
69000	29
69000	32
69000	32
69000	23
69000	25
69000	21
69000	25
69000	32
69000	32
69000	27
69000	34
69000	32
69000	31
69000	13
69000	32
69000	29
69000	29
69000	31
69000	21
69000	29
69000	32
69000	32
69000	32
69000	31
69000	31
69000	31
69000	32
69000	31
69000	27
69000	23
69000	32
69000	29
70000	29
70000	32
70000	27
70000	29
70000	31
70000	27
70000	29
70000	32
70000	25
70000	31
70000	32
70000	31
70000	31
70000	32
70000	27
70000	31
70000	32
70000	32
70000	27
70000	32
70000	27
70000	29
70000	32
70000	32
70000	29
70000	32
70000	31
70000	33
70000	32
70000	27
70000	29
70000	21
70000	31
70000	32
70000	32
70000	25
70000	17
70000	32
70000	31
70000	32
70000	31
70000	29
70000	34
70000	34
70000	32
70000	32
70000	29
70000	19
70000	31
70000	31
70000	31
70000	32
70000	21
70000	31
70000	32
70000	29
70000	32
70000	32
70000	31
70000	33
70000	31
70000	31
70000	31
70000	32
70000	31
70000	29
70000	29
70000	32
70000	32
70000	31
70000	32
70000	32
70000	32
70000	32
70000	34
70000	31
70000	31
70000	32
70000	31
70000	29
70000	31
70000	32
70000	32
70000	32
70000	29
70000	33
70000	29
70000	29
70000	31
70000	29
70000	32
70000	31
70000	31
70000	32
70000	29
70000	32
70000	29
70000	32
70000	32
70000	23
71000	29
71000	32
71000	27
71000	32
71000	31
71000	31
71000	32
71000	27
71000	33
71000	33
71000	25
71000	27
71000	32
71000	32
71000	29
71000	33
71000	25
71000	29
71000	31
71000	32
71000	23
71000	32
71000	31
71000	27
71000	27
71000	32
71000	29
71000	34
71000	29
71000	25
71000	32
71000	32
71000	29
71000	32
71000	31
71000	25
71000	27
71000	31
71000	32
71000	27
71000	23
71000	27
71000	27
71000	29
71000	32
71000	32
71000	23
71000	33
71000	32
71000	19
71000	31
71000	29
71000	34
71000	32
71000	31
71000	31
71000	32
71000	27
71000	21
71000	25
71000	31
71000	32
71000	31
71000	31
71000	32
71000	29
71000	19
71000	32
71000	31
71000	27
71000	31
71000	31
71000	29
71000	25
71000	25
71000	31
71000	29
71000	21
71000	31
71000	32
71000	29
71000	31
71000	32
71000	32
71000	31
71000	27
71000	31
71000	23
71000	32
71000	29
71000	34
71000	29
71000	33
71000	29
71000	25
71000	31
71000	25
71000	29
71000	32
71000	31
72000	34
72000	29
72000	29
72000	32
72000	31
72000	27
72000	31
72000	33
72000	29
72000	31
72000	29
72000	32
72000	31
72000	34
72000	34
72000	31
72000	25
72000	32
72000	27
72000	29
72000	32
72000	29
72000	29
72000	34
72000	29
72000	31
72000	33
72000	29
72000	32
72000	31
72000	32
72000	32
72000	33
72000	25
72000	31
72000	17
72000	23
72000	32
72000	29
72000	31
72000	33
72000	32
72000	31
72000	34
72000	29
72000	23
72000	27
72000	31
72000	33
72000	31
72000	32
72000	32
72000	32
72000	32
72000	34
72000	32
72000	31
72000	32
72000	31
72000	27
72000	19
72000	29
72000	27
72000	29
72000	32
72000	31
72000	32
72000	34
72000	31
72000	32
72000	27
72000	31
72000	32
72000	34
72000	27
72000	32
72000	23
72000	32
72000	27
72000	32
72000	32
72000	31
72000	32
72000	27
72000	32
72000	34
72000	29
72000	33
72000	29
72000	34
72000	32
72000	21
72000	31
72000	32
72000	23
72000	27
72000	29
72000	29
72000	31
72000	27
73000	33
73000	29
73000	31
73000	32
73000	29
73000	34
73000	32
73000	32
73000	32
73000	31
73000	29
73000	31
73000	31
73000	29
73000	32
73000	32
73000	27
73000	32
73000	27
73000	23
73000	27
73000	25
73000	31
73000	31
73000	32
73000	21
73000	32
73000	29
73000	27
73000	32
73000	31
73000	27
73000	31
73000	32
73000	21
73000	32
73000	27
73000	29
73000	31
73000	32
73000	31
73000	29
73000	31
73000	21
73000	32
73000	27
73000	33
73000	23
73000	32
73000	27
73000	25
73000	32
73000	29
73000	27
73000	31
73000	29
73000	32
73000	32
73000	32
73000	32
73000	29
73000	29
73000	27
73000	33
73000	29
73000	27
73000	29
73000	33
73000	32
73000	31
73000	31
73000	31
73000	32
73000	29
73000	32
73000	31
73000	29
73000	25
73000	32
73000	27
73000	32
73000	31
73000	32
73000	31
73000	29
73000	21
73000	27
73000	32
73000	32
73000	32
73000	34
73000	32
73000	32
73000	34
73000	32
73000	31
73000	25
73000	32
73000	31
73000	29
74000	27
74000	32
74000	27
74000	27
74000	32
74000	29
74000	31
74000	32
74000	31
74000	27
74000	32
74000	32
74000	32
74000	33
74000	32
74000	32
74000	27
74000	34
74000	29
74000	32
74000	32
74000	34
74000	32
74000	32
74000	29
74000	27
74000	29
74000	31
74000	29
74000	31
74000	32
74000	27
74000	27
74000	29
74000	34
74000	32
74000	31
74000	27
74000	33
74000	34
74000	29
74000	29
74000	32
74000	32
74000	27
74000	31
74000	29
74000	29
74000	21
74000	34
74000	34
74000	27
74000	33
74000	34
74000	29
74000	29
74000	25
74000	31
74000	23
74000	31
74000	27
74000	34
74000	25
74000	32
74000	31
74000	32
74000	23
74000	32
74000	29
74000	29
74000	34
74000	32
74000	25
74000	32
74000	29
74000	23
74000	31
74000	27
74000	31
74000	32
74000	27
74000	32
74000	31
74000	29
74000	29
74000	29
74000	31
74000	32
74000	31
74000	23
74000	33
74000	29
74000	29
74000	27
74000	23
74000	34
74000	23
74000	31
74000	25
74000	29
75000	34
75000	31
75000	27
75000	31
75000	29
75000	31
75000	31
75000	34
75000	27
75000	29
75000	27
75000	25
75000	32
75000	29
75000	32
75000	27
75000	29
75000	27
75000	27
75000	32
75000	29
75000	27
75000	34
75000	29
75000	27
75000	32
75000	31
75000	25
75000	25
75000	31
75000	25
75000	32
75000	31
75000	29
75000	31
75000	27
75000	34
75000	29
75000	32
75000	27
75000	32
75000	33
75000	25
75000	32
75000	29
75000	29
75000	32
75000	32
75000	31
75000	29
75000	34
75000	31
75000	31
75000	34
75000	34
75000	29
75000	32
75000	31
75000	32
75000	23
75000	27
75000	29
75000	32
75000	29
75000	27
75000	31
75000	25
75000	32
75000	31
75000	29
75000	34
75000	31
75000	32
75000	32
75000	32
75000	31
75000	31
75000	32
75000	21
75000	27
75000	31
75000	33
75000	29
75000	29
75000	32
75000	34
75000	34
75000	29
75000	32
75000	32
75000	31
75000	33
75000	32
75000	31
75000	29
75000	27
75000	29
75000	27
75000	32
75000	34
76000	32
76000	29
76000	32
76000	29
76000	31
76000	33
76000	32
76000	31
76000	31
76000	34
76000	32
76000	32
76000	34
76000	34
76000	31
76000	33
76000	29
76000	27
76000	29
76000	31
76000	29
76000	27
76000	31
76000	32
76000	23
76000	34
76000	31
76000	32
76000	31
76000	31
76000	32
76000	31
76000	34
76000	27
76000	32
76000	29
76000	29
76000	32
76000	31
76000	19
76000	31
76000	17
76000	32
76000	32
76000	34
76000	33
76000	34
76000	31
76000	31
76000	29
76000	25
76000	31
76000	29
76000	32
76000	23
76000	29
76000	32
76000	31
76000	32
76000	29
76000	25
76000	31
76000	25
76000	29
76000	32
76000	31
76000	31
76000	34
76000	31
76000	33
76000	21
76000	34
76000	34
76000	27
76000	34
76000	29
76000	19
76000	34
76000	32
76000	34
76000	31
76000	32
76000	29
76000	34
76000	31
76000	25
76000	34
76000	32
76000	32
76000	31
76000	27
76000	27
76000	32
76000	23
76000	31
76000	27
76000	34
76000	32
76000	27
76000	31
77000	27
77000	29
77000	25
77000	31
77000	27
77000	32
77000	33
77000	32
77000	34
77000	31
77000	32
77000	31
77000	29
77000	32
77000	27
77000	23
77000	31
77000	27
77000	34
77000	27
77000	31
77000	31
77000	25
77000	32
77000	32
77000	33
77000	31
77000	27
77000	34
77000	29
77000	25
77000	34
77000	29
77000	32
77000	29
77000	32
77000	23
77000	31
77000	32
77000	32
77000	21
77000	29
77000	29
77000	31
77000	32
77000	27
77000	29
77000	29
77000	32
77000	27
77000	32
77000	25
77000	27
77000	29
77000	33
77000	32
77000	32
77000	32
77000	29
77000	27
77000	21
77000	33
77000	33
77000	29
77000	34
77000	29
77000	29
77000	32
77000	29
77000	32
77000	29
77000	29
77000	31
77000	32
77000	32
77000	29
77000	23
77000	31
77000	27
77000	32
77000	33
77000	33
77000	34
77000	32
77000	32
77000	31
77000	27
77000	31
77000	32
77000	29
77000	32
77000	32
77000	29
77000	31
77000	31
77000	31
77000	29
77000	32
77000	27
77000	25
78000	32
78000	29
78000	32
78000	29
78000	32
78000	34
78000	29
78000	31
78000	27
78000	33
78000	27
78000	34
78000	31
78000	34
78000	29
78000	29
78000	19
78000	21
78000	31
78000	31
78000	32
78000	31
78000	32
78000	32
78000	34
78000	31
78000	25
78000	19
78000	32
78000	27
78000	21
78000	32
78000	25
78000	31
78000	34
78000	29
78000	31
78000	27
78000	29
78000	34
78000	25
78000	34
78000	31
78000	32
78000	19
78000	31
78000	23
78000	34
78000	31
78000	31
78000	33
78000	34
78000	29
78000	34
78000	32
78000	27
78000	29
78000	29
78000	27
78000	27
78000	29
78000	29
78000	32
78000	15
78000	32
78000	27
78000	31
78000	33
78000	31
78000	25
78000	32
78000	29
78000	29
78000	25
78000	32
78000	34
78000	29
78000	25
78000	29
78000	32
78000	34
78000	32
78000	29
78000	21
78000	32
78000	33
78000	31
78000	32
78000	19
78000	31
78000	29
78000	32
78000	31
78000	34
78000	32
78000	29
78000	32
78000	32
78000	29
78000	29
79000	25
79000	34
79000	33
79000	31
79000	32
79000	34
79000	29
79000	31
79000	33
79000	29
79000	32
79000	32
79000	29
79000	32
79000	25
79000	29
79000	32
79000	25
79000	32
79000	29
79000	32
79000	32
79000	31
79000	31
79000	32
79000	33
79000	29
79000	29
79000	27
79000	29
79000	34
79000	31
79000	33
79000	32
79000	32
79000	32
79000	34
79000	29
79000	29
79000	32
79000	25
79000	25
79000	27
79000	32
79000	29
79000	23
79000	33
79000	31
79000	31
79000	32
79000	29
79000	25
79000	32
79000	31
79000	27
79000	31
79000	34
79000	31
79000	27
79000	32
79000	27
79000	32
79000	29
79000	31
79000	31
79000	34
79000	29
79000	27
79000	34
79000	32
79000	27
79000	31
79000	32
79000	32
79000	29
79000	27
79000	34
79000	29
79000	32
79000	31
79000	34
79000	23
79000	32
79000	32
79000	31
79000	33
79000	29
79000	32
79000	32
79000	32
79000	31
79000	32
79000	23
79000	31
79000	27
79000	29
79000	29
79000	32
79000	21
79000	32
80000	32
80000	34
80000	32
80000	27
80000	27
80000	29
80000	23
80000	31
80000	31
80000	32
80000	34
80000	31
80000	23
80000	31
80000	32
80000	32
80000	29
80000	34
80000	27
80000	29
80000	34
80000	32
80000	32
80000	34
80000	29
80000	33
80000	33
80000	32
80000	27
80000	32
80000	27
80000	32
80000	29
80000	29
80000	33
80000	31
80000	32
80000	31
80000	33
80000	27
80000	32
80000	31
80000	34
80000	33
80000	31
80000	25
80000	32
80000	31
80000	31
80000	29
80000	32
80000	23
80000	31
80000	29
80000	29
80000	32
80000	25
80000	27
80000	27
80000	13
80000	34
80000	29
80000	32
80000	29
80000	27
80000	29
80000	23
80000	31
80000	23
80000	32
80000	33
80000	31
80000	32
80000	32
80000	34
80000	32
80000	32
80000	32
80000	21
80000	29
80000	29
80000	27
80000	31
80000	31
80000	27
80000	34
80000	21
80000	32
80000	32
80000	25
80000	29
80000	34
80000	32
80000	23
80000	33
80000	34
80000	31
80000	32
80000	32
80000	29
81000	34
81000	34
81000	29
81000	25
81000	29
81000	27
81000	29
81000	34
81000	29
81000	34
81000	33
81000	21
81000	34
81000	25
81000	32
81000	33
81000	33
81000	21
81000	29
81000	31
81000	32
81000	31
81000	29
81000	34
81000	31
81000	31
81000	31
81000	31
81000	31
81000	25
81000	25
81000	34
81000	27
81000	29
81000	33
81000	34
81000	34
81000	31
81000	31
81000	34
81000	34
81000	29
81000	29
81000	29
81000	33
81000	29
81000	25
81000	29
81000	33
81000	32
81000	32
81000	32
81000	32
81000	29
81000	32
81000	32
81000	23
81000	27
81000	31
81000	23
81000	32
81000	32
81000	34
81000	31
81000	34
81000	31
81000	34
81000	27
81000	25
81000	29
81000	34
81000	32
81000	31
81000	32
81000	34
81000	25
81000	29
81000	27
81000	29
81000	34
81000	31
81000	29
81000	31
81000	34
81000	27
81000	31
81000	29
81000	31
81000	29
81000	33
81000	33
81000	31
81000	19
81000	31
81000	32
81000	33
81000	34
81000	25
81000	32
81000	27
82000	32
82000	32
82000	33
82000	25
82000	29
82000	31
82000	32
82000	32
82000	32
82000	29
82000	32
82000	33
82000	31
82000	32
82000	34
82000	32
82000	31
82000	32
82000	32
82000	29
82000	32
82000	27
82000	31
82000	33
82000	34
82000	31
82000	29
82000	29
82000	32
82000	31
82000	32
82000	31
82000	31
82000	33
82000	27
82000	33
82000	33
82000	25
82000	32
82000	31
82000	32
82000	27
82000	32
82000	31
82000	32
82000	27
82000	27
82000	31
82000	32
82000	32
82000	29
82000	32
82000	27
82000	34
82000	27
82000	21
82000	34
82000	34
82000	31
82000	34
82000	31
82000	31
82000	32
82000	31
82000	31
82000	31
82000	29
82000	31
82000	25
82000	33
82000	31
82000	29
82000	19
82000	31
82000	31
82000	32
82000	32
82000	31
82000	29
82000	32
82000	23
82000	31
82000	31
82000	27
82000	32
82000	31
82000	31
82000	31
82000	34
82000	25
82000	29
82000	33
82000	21
82000	23
82000	29
82000	29
82000	32
82000	31
82000	32
82000	32
83000	32
83000	34
83000	32
83000	27
83000	31
83000	33
83000	32
83000	27
83000	27
83000	32
83000	31
83000	34
83000	29
83000	25
83000	32
83000	31
83000	34
83000	31
83000	25
83000	34
83000	32
83000	34
83000	31
83000	32
83000	31
83000	34
83000	29
83000	29
83000	34
83000	33
83000	31
83000	31
83000	34
83000	32
83000	34
83000	31
83000	25
83000	32
83000	27
83000	31
83000	33
83000	31
83000	32
83000	31
83000	32
83000	32
83000	32
83000	34
83000	31
83000	34
83000	31
83000	29
83000	31
83000	34
83000	31
83000	31
83000	29
83000	32
83000	21
83000	29
83000	34
83000	32
83000	21
83000	32
83000	34
83000	32
83000	33
83000	34
83000	34
83000	29
83000	25
83000	33
83000	29
83000	31
83000	27
83000	29
83000	31
83000	27
83000	21
83000	31
83000	31
83000	34
83000	34
83000	32
83000	29
83000	27
83000	32
83000	32
83000	33
83000	31
83000	29
83000	29
83000	25
83000	23
83000	32
83000	32
83000	29
83000	32
83000	29
83000	29
84000	33
84000	34
84000	27
84000	31
84000	33
84000	31
84000	32
84000	34
84000	32
84000	33
84000	29
84000	25
84000	29
84000	34
84000	33
84000	34
84000	32
84000	29
84000	27
84000	34
84000	32
84000	32
84000	27
84000	32
84000	25
84000	31
84000	19
84000	32
84000	23
84000	29
84000	29
84000	31
84000	29
84000	32
84000	29
84000	32
84000	29
84000	31
84000	31
84000	32
84000	34
84000	27
84000	29
84000	32
84000	31
84000	29
84000	25
84000	27
84000	32
84000	29
84000	31
84000	29
84000	27
84000	32
84000	29
84000	32
84000	34
84000	25
84000	34
84000	29
84000	32
84000	34
84000	25
84000	25
84000	34
84000	32
84000	29
84000	32
84000	33
84000	29
84000	34
84000	23
84000	34
84000	31
84000	34
84000	31
84000	34
84000	32
84000	29
84000	29
84000	27
84000	23
84000	23
84000	31
84000	29
84000	31
84000	25
84000	29
84000	33
84000	29
84000	25
84000	32
84000	29
84000	29
84000	32
84000	27
84000	29
84000	29
84000	33
84000	27
85000	32
85000	27
85000	34
85000	33
85000	25
85000	31
85000	29
85000	29
85000	31
85000	29
85000	33
85000	31
85000	32
85000	32
85000	32
85000	31
85000	31
85000	34
85000	31
85000	31
85000	31
85000	27
85000	25
85000	32
85000	31
85000	31
85000	31
85000	32
85000	34
85000	29
85000	27
85000	25
85000	31
85000	27
85000	32
85000	32
85000	32
85000	31
85000	27
85000	21
85000	32
85000	31
85000	32
85000	31
85000	31
85000	27
85000	29
85000	34
85000	32
85000	29
85000	27
85000	34
85000	32
85000	19
85000	34
85000	27
85000	34
85000	31
85000	31
85000	29
85000	29
85000	31
85000	31
85000	27
85000	31
85000	31
85000	32
85000	25
85000	33
85000	27
85000	29
85000	31
85000	33
85000	32
85000	32
85000	34
85000	34
85000	34
85000	34
85000	25
85000	25
85000	27
85000	34
85000	27
85000	29
85000	32
85000	32
85000	34
85000	32
85000	29
85000	32
85000	31
85000	32
85000	27
85000	32
85000	29
85000	34
85000	31
85000	29
85000	29
86000	29
86000	29
86000	31
86000	29
86000	29
86000	33
86000	33
86000	34
86000	32
86000	31
86000	34
86000	34
86000	32
86000	33
86000	33
86000	27
86000	27
86000	31
86000	27
86000	27
86000	34
86000	29
86000	27
86000	29
86000	32
86000	31
86000	32
86000	31
86000	34
86000	27
86000	31
86000	29
86000	32
86000	32
86000	33
86000	33
86000	33
86000	27
86000	29
86000	29
86000	29
86000	32
86000	32
86000	31
86000	27
86000	27
86000	32
86000	34
86000	32
86000	34
86000	31
86000	25
86000	27
86000	29
86000	32
86000	25
86000	31
86000	27
86000	23
86000	27
86000	29
86000	29
86000	31
86000	31
86000	34
86000	33
86000	31
86000	32
86000	34
86000	34
86000	31
86000	31
86000	34
86000	34
86000	31
86000	32
86000	27
86000	29
86000	29
86000	32
86000	32
86000	34
86000	33
86000	32
86000	34
86000	32
86000	27
86000	27
86000	29
86000	32
86000	31
86000	34
86000	33
86000	32
86000	32
86000	29
86000	34
86000	32
86000	34
86000	31
87000	34
87000	29
87000	25
87000	29
87000	32
87000	29
87000	33
87000	33
87000	33
87000	33
87000	29
87000	34
87000	33
87000	34
87000	31
87000	34
87000	21
87000	33
87000	34
87000	29
87000	34
87000	31
87000	33
87000	31
87000	29
87000	31
87000	27
87000	32
87000	32
87000	29
87000	27
87000	33
87000	31
87000	21
87000	27
87000	29
87000	32
87000	32
87000	33
87000	34
87000	25
87000	32
87000	31
87000	31
87000	34
87000	29
87000	31
87000	27
87000	32
87000	31
87000	29
87000	32
87000	32
87000	31
87000	32
87000	31
87000	32
87000	34
87000	29
87000	29
87000	25
87000	33
87000	32
87000	29
87000	31
87000	29
87000	25
87000	29
87000	34
87000	34
87000	25
87000	31
87000	25
87000	29
87000	29
87000	27
87000	33
87000	32
87000	34
87000	27
87000	34
87000	31
87000	34
87000	31
87000	32
87000	25
87000	32
87000	34
87000	29
87000	34
87000	34
87000	31
87000	29
87000	34
87000	31
87000	31
87000	31
87000	31
87000	31
87000	31
88000	19
88000	27
88000	33
88000	25
88000	15
88000	27
88000	33
88000	33
88000	31
88000	27
88000	34
88000	32
88000	31
88000	25
88000	34
88000	31
88000	31
88000	29
88000	29
88000	31
88000	33
88000	27
88000	31
88000	17
88000	32
88000	34
88000	29
88000	34
88000	31
88000	32
88000	32
88000	33
88000	29
88000	23
88000	32
88000	31
88000	33
88000	34
88000	32
88000	31
88000	32
88000	15
88000	29
88000	32
88000	29
88000	27
88000	33
88000	32
88000	31
88000	31
88000	32
88000	31
88000	31
88000	29
88000	31
88000	29
88000	34
88000	32
88000	29
88000	29
88000	32
88000	31
88000	27
88000	32
88000	23
88000	34
88000	33
88000	32
88000	32
88000	34
88000	29
88000	34
88000	31
88000	34
88000	33
88000	32
88000	33
88000	34
88000	31
88000	34
88000	29
88000	29
88000	34
88000	34
88000	31
88000	32
88000	33
88000	29
88000	32
88000	31
88000	33
88000	31
88000	29
88000	32
88000	21
88000	31
88000	33
88000	34
88000	32
88000	34
89000	32
89000	32
89000	34
89000	32
89000	25
89000	33
89000	33
89000	27
89000	29
89000	32
89000	32
89000	29
89000	29
89000	31
89000	32
89000	31
89000	34
89000	25
89000	34
89000	31
89000	23
89000	31
89000	29
89000	32
89000	31
89000	31
89000	34
89000	31
89000	31
89000	32
89000	31
89000	34
89000	34
89000	32
89000	34
89000	29
89000	23
89000	29
89000	32
89000	34
89000	31
89000	25
89000	33
89000	34
89000	27
89000	31
89000	27
89000	29
89000	32
89000	27
89000	27
89000	31
89000	31
89000	31
89000	34
89000	25
89000	29
89000	32
89000	33
89000	32
89000	31
89000	27
89000	32
89000	31
89000	25
89000	29
89000	32
89000	31
89000	29
89000	34
89000	31
89000	27
89000	32
89000	23
89000	31
89000	32
89000	31
89000	32
89000	25
89000	32
89000	34
89000	33
89000	25
89000	34
89000	33
89000	33
89000	34
89000	29
89000	34
89000	34
89000	29
89000	29
89000	25
89000	29
89000	25
89000	34
89000	29
89000	32
89000	34
89000	33
90000	34
90000	31
90000	32
90000	29
90000	27
90000	31
90000	32
90000	25
90000	27
90000	34
90000	31
90000	31
90000	29
90000	34
90000	31
90000	29
90000	25
90000	25
90000	27
90000	33
90000	23
90000	34
90000	25
90000	31
90000	23
90000	31
90000	33
90000	31
90000	32
90000	31
90000	34
90000	31
90000	29
90000	27
90000	34
90000	32
90000	27
90000	25
90000	29
90000	29
90000	21
90000	33
90000	31
90000	29
90000	27
90000	29
90000	32
90000	31
90000	25
90000	34
90000	29
90000	31
90000	34
90000	34
90000	34
90000	29
90000	31
90000	32
90000	32
90000	32
90000	25
90000	27
90000	31
90000	34
90000	31
90000	34
90000	34
90000	33
90000	31
90000	34
90000	34
90000	32
90000	31
90000	33
90000	21
90000	31
90000	34
90000	32
90000	29
90000	34
90000	21
90000	25
90000	34
90000	33
90000	31
90000	31
90000	33
90000	34
90000	31
90000	33
90000	31
90000	34
90000	32
90000	32
90000	31
90000	34
90000	31
90000	34
90000	31
90000	33
91000	31
91000	34
91000	31
91000	32
91000	27
91000	29
91000	31
91000	32
91000	31
91000	34
91000	25
91000	33
91000	29
91000	32
91000	25
91000	34
91000	32
91000	31
91000	31
91000	34
91000	29
91000	27
91000	34
91000	32
91000	27
91000	32
91000	31
91000	29
91000	31
91000	34
91000	32
91000	31
91000	27
91000	29
91000	33
91000	29
91000	29
91000	33
91000	29
91000	31
91000	34
91000	31
91000	31
91000	31
91000	25
91000	32
91000	34
91000	29
91000	27
91000	32
91000	27
91000	25
91000	25
91000	34
91000	31
91000	29
91000	27
91000	23
91000	31
91000	19
91000	23
91000	33
91000	27
91000	34
91000	31
91000	23
91000	34
91000	34
91000	31
91000	31
91000	34
91000	31
91000	32
91000	29
91000	29
91000	32
91000	32
91000	31
91000	34
91000	29
91000	32
91000	32
91000	32
91000	33
91000	33
91000	33
91000	29
91000	32
91000	31
91000	34
91000	34
91000	23
91000	33
91000	29
91000	33
91000	31
91000	29
91000	31
91000	31
91000	34
92000	31
92000	32
92000	34
92000	33
92000	27
92000	31
92000	31
92000	34
92000	33
92000	32
92000	34
92000	25
92000	33
92000	34
92000	31
92000	33
92000	34
92000	29
92000	29
92000	32
92000	29
92000	33
92000	31
92000	33
92000	34
92000	32
92000	31
92000	29
92000	33
92000	29
92000	34
92000	33
92000	29
92000	25
92000	27
92000	27
92000	31
92000	32
92000	29
92000	27
92000	34
92000	32
92000	29
92000	31
92000	33
92000	27
92000	27
92000	5
92000	34
92000	29
92000	32
92000	34
92000	33
92000	34
92000	33
92000	31
92000	34
92000	25
92000	32
92000	31
92000	31
92000	25
92000	33
92000	31
92000	33
92000	31
92000	32
92000	31
92000	29
92000	29
92000	34
92000	32
92000	29
92000	31
92000	31
92000	31
92000	29
92000	32
92000	34
92000	33
92000	34
92000	25
92000	27
92000	25
92000	27
92000	31
92000	32
92000	34
92000	32
92000	29
92000	32
92000	31
92000	31
92000	33
92000	34
92000	25
92000	34
92000	32
92000	29
92000	31
93000	32
93000	34
93000	27
93000	29
93000	33
93000	32
93000	29
93000	33
93000	32
93000	34
93000	29
93000	33
93000	23
93000	33
93000	31
93000	29
93000	34
93000	33
93000	32
93000	31
93000	32
93000	34
93000	34
93000	29
93000	34
93000	32
93000	32
93000	34
93000	29
93000	31
93000	31
93000	34
93000	31
93000	31
93000	23
93000	29
93000	29
93000	34
93000	27
93000	21
93000	34
93000	31
93000	32
93000	33
93000	32
93000	34
93000	31
93000	27
93000	29
93000	29
93000	31
93000	31
93000	29
93000	33
93000	33
93000	31
93000	25
93000	32
93000	31
93000	33
93000	33
93000	29
93000	29
93000	34
93000	31
93000	31
93000	32
93000	31
93000	32
93000	17
93000	29
93000	34
93000	32
93000	31
93000	25
93000	27
93000	32
93000	27
93000	29
93000	31
93000	34
93000	32
93000	31
93000	33
93000	32
93000	27
93000	29
93000	33
93000	31
93000	32
93000	32
93000	33
93000	31
93000	33
93000	32
93000	29
93000	34
93000	33
93000	34
93000	31
94000	34
94000	21
94000	34
94000	32
94000	32
94000	34
94000	34
94000	31
94000	31
94000	33
94000	27
94000	34
94000	29
94000	34
94000	31
94000	27
94000	32
94000	27
94000	34
94000	31
94000	32
94000	27
94000	33
94000	33
94000	31
94000	31
94000	31
94000	31
94000	29
94000	29
94000	31
94000	32
94000	32
94000	34
94000	34
94000	34
94000	34
94000	31
94000	32
94000	32
94000	29
94000	34
94000	34
94000	31
94000	27
94000	29
94000	31
94000	29
94000	29
94000	33
94000	29
94000	29
94000	34
94000	33
94000	31
94000	34
94000	34
94000	34
94000	31
94000	34
94000	32
94000	27
94000	29
94000	33
94000	29
94000	27
94000	34
94000	34
94000	34
94000	29
94000	31
94000	23
94000	34
94000	29
94000	34
94000	29
94000	34
94000	34
94000	31
94000	34
94000	31
94000	33
94000	29
94000	33
94000	27
94000	33
94000	29
94000	27
94000	34
94000	23
94000	31
94000	23
94000	32
94000	32
94000	34
94000	34
94000	34
94000	27
94000	34
94000	34
95000	19
95000	32
95000	29
95000	33
95000	34
95000	21
95000	23
95000	34
95000	32
95000	34
95000	31
95000	29
95000	27
95000	32
95000	27
95000	31
95000	27
95000	34
95000	32
95000	33
95000	34
95000	33
95000	31
95000	31
95000	31
95000	32
95000	31
95000	32
95000	27
95000	32
95000	32
95000	33
95000	31
95000	31
95000	29
95000	33
95000	33
95000	31
95000	32
95000	31
95000	31
95000	27
95000	29
95000	33
95000	29
95000	34
95000	34
95000	29
95000	29
95000	34
95000	31
95000	33
95000	31
95000	25
95000	32
95000	27
95000	23
95000	34
95000	29
95000	27
95000	29
95000	27
95000	29
95000	32
95000	23
95000	33
95000	31
95000	27
95000	31
95000	31
95000	32
95000	33
95000	34
95000	31
95000	25
95000	29
95000	34
95000	32
95000	32
95000	34
95000	31
95000	34
95000	31
95000	19
95000	31
95000	34
95000	32
95000	33
95000	31
95000	32
95000	34
95000	31
95000	19
95000	23
95000	31
95000	33
95000	29
95000	29
95000	31
95000	25
96000	34
96000	31
96000	29
96000	31
96000	34
96000	29
96000	29
96000	34
96000	34
96000	34
96000	27
96000	27
96000	25
96000	34
96000	31
96000	34
96000	31
96000	34
96000	32
96000	34
96000	33
96000	32
96000	33
96000	31
96000	34
96000	31
96000	33
96000	29
96000	29
96000	33
96000	33
96000	31
96000	31
96000	32
96000	33
96000	34
96000	29
96000	32
96000	25
96000	23
96000	25
96000	21
96000	33
96000	31
96000	29
96000	33
96000	32
96000	31
96000	31
96000	34
96000	32
96000	34
96000	27
96000	27
96000	34
96000	32
96000	29
96000	34
96000	29
96000	27
96000	32
96000	32
96000	33
96000	31
96000	23
96000	34
96000	21
96000	29
96000	19
96000	33
96000	31
96000	29
96000	33
96000	32
96000	33
96000	29
96000	31
96000	33
96000	29
96000	29
96000	32
96000	25
96000	34
96000	34
96000	31
96000	27
96000	32
96000	27
96000	31
96000	34
96000	29
96000	31
96000	27
96000	31
96000	34
96000	32
96000	27
96000	33
96000	27
96000	34
97000	34
97000	29
97000	29
97000	34
97000	29
97000	34
97000	33
97000	29
97000	33
97000	34
97000	29
97000	27
97000	34
97000	34
97000	34
97000	31
97000	27
97000	34
97000	29
97000	23
97000	31
97000	31
97000	34
97000	34
97000	27
97000	21
97000	29
97000	34
97000	31
97000	29
97000	29
97000	34
97000	32
97000	27
97000	27
97000	32
97000	29
97000	34
97000	33
97000	32
97000	34
97000	31
97000	29
97000	25
97000	25
97000	27
97000	31
97000	34
97000	27
97000	34
97000	25
97000	32
97000	29
97000	31
97000	27
97000	27
97000	27
97000	34
97000	32
97000	29
97000	31
97000	32
97000	27
97000	29
97000	29
97000	29
97000	29
97000	29
97000	25
97000	33
97000	25
97000	33
97000	29
97000	29
97000	31
97000	33
97000	32
97000	29
97000	34
97000	34
97000	33
97000	34
97000	25
97000	31
97000	29
97000	25
97000	34
97000	31
97000	33
97000	34
97000	29
97000	32
97000	29
97000	31
97000	34
97000	34
97000	33
97000	31
97000	29
97000	29
98000	31
98000	31
98000	29
98000	27
98000	33
98000	29
98000	33
98000	32
98000	32
98000	31
98000	31
98000	32
98000	33
98000	29
98000	29
98000	33
98000	31
98000	29
98000	21
98000	33
98000	34
98000	27
98000	34
98000	27
98000	33
98000	32
98000	34
98000	32
98000	34
98000	34
98000	29
98000	32
98000	34
98000	34
98000	32
98000	32
98000	27
98000	34
98000	31
98000	23
98000	25
98000	25
98000	31
98000	27
98000	33
98000	32
98000	25
98000	31
98000	34
98000	34
98000	31
98000	34
98000	32
98000	33
98000	25
98000	34
98000	34
98000	34
98000	23
98000	29
98000	29
98000	34
98000	25
98000	31
98000	29
98000	33
98000	34
98000	29
98000	27
98000	34
98000	34
98000	29
98000	23
98000	34
98000	31
98000	29
98000	34
98000	27
98000	33
98000	32
98000	34
98000	33
98000	33
98000	34
98000	32
98000	34
98000	27
98000	31
98000	27
98000	34
98000	34
98000	31
98000	34
98000	34
98000	34
98000	27
98000	31
98000	34
98000	31
98000	34
99000	31
99000	31
99000	32
99000	29
99000	25
99000	33
99000	25
99000	31
99000	31
99000	31
99000	34
99000	31
99000	32
99000	33
99000	27
99000	23
99000	29
99000	34
99000	29
99000	33
99000	34
99000	31
99000	33
99000	29
99000	33
99000	31
99000	31
99000	31
99000	29
99000	25
99000	34
99000	29
99000	31
99000	34
99000	27
99000	31
99000	23
99000	25
99000	31
99000	25
99000	27
99000	34
99000	31
99000	31
99000	29
99000	33
99000	34
99000	31
99000	34
99000	29
99000	27
99000	29
99000	21
99000	27
99000	33
99000	25
99000	33
99000	34
99000	23
99000	29
99000	31
99000	34
99000	33
99000	27
99000	34
99000	32
99000	32
99000	34
99000	33
99000	34
99000	29
99000	34
99000	33
99000	34
99000	23
99000	34
99000	32
99000	27
99000	34
99000	34
99000	29
99000	31
99000	25
99000	27
99000	34
99000	25
99000	25
99000	33
99000	33
99000	34
99000	32
99000	29
99000	31
99000	33
99000	33
99000	31
99000	31
99000	34
99000	31
99000	33
100000	27
100000	33
100000	34
100000	25
100000	34
100000	29
100000	31
100000	34
100000	34
100000	29
100000	34
100000	33
100000	32
100000	31
100000	25
100000	33
100000	25
100000	31
100000	27
100000	29
100000	13
100000	27
100000	34
100000	33
100000	31
100000	31
100000	34
100000	34
100000	29
100000	34
100000	34
100000	29
100000	32
100000	31
100000	29
100000	31
100000	31
100000	29
100000	34
100000	32
100000	34
100000	31
100000	31
100000	31
100000	32
100000	32
100000	27
100000	34
100000	25
100000	34
100000	27
100000	31
100000	29
100000	34
100000	33
100000	34
100000	33
100000	33
100000	32
100000	34
100000	34
100000	23
100000	31
100000	31
100000	32
100000	32
100000	34
100000	31
100000	29
100000	32
100000	32
100000	32
100000	34
100000	33
100000	34
100000	33
100000	34
100000	31
100000	33
100000	32
100000	29
100000	32
100000	31
100000	34
100000	32
100000	29
100000	32
100000	31
100000	34
100000	29
100000	31
100000	32
100000	33
100000	31
100000	29
100000	19
100000	34
100000	31
100000	25
100000	32
