n:	 c:	 s:	
100	242	139
100	374	249
100	213	141
100	239	83
100	173	84
100	294	195
100	235	111
100	366	195
100	203	96
100	225	117
100	311	195
100	207	119
100	344	251
100	235	148
100	502	325
100	390	208
100	242	125
100	198	94
100	275	166
100	351	226
100	224	141
100	324	214
100	298	183
100	208	44
100	195	86
100	280	141
100	251	108
100	420	301
100	204	84
100	140	58
100	282	183
100	439	288
100	182	99
100	133	39
100	235	128
100	243	136
100	488	403
100	178	74
100	200	102
100	122	39
100	240	40
100	494	380
100	428	265
100	380	91
100	214	89
100	237	154
100	297	217
100	304	233
100	194	113
100	329	241
100	297	115
100	254	151
100	328	241
100	202	105
100	202	106
100	298	224
100	195	107
100	215	95
100	212	112
100	400	244
100	177	86
100	508	434
100	198	99
100	273	166
100	193	80
100	170	73
100	261	176
100	207	139
100	179	79
100	288	98
100	199	104
100	215	134
100	323	244
100	376	197
100	136	49
100	420	286
100	116	34
100	405	276
100	258	172
100	167	70
100	214	112
100	145	57
100	271	112
100	146	70
100	256	99
100	208	104
100	254	165
100	219	104
100	338	180
100	266	197
100	172	77
100	280	33
100	187	90
100	390	234
100	279	180
100	330	186
100	349	280
100	247	175
100	362	264
100	242	156
100	184	64
100	311	229
100	264	96
100	145	56
100	403	294
100	393	273
100	214	92
100	259	168
100	260	176
100	199	109
100	336	243
100	204	101
100	263	165
100	493	385
100	402	317
100	273	119
100	300	134
100	250	161
100	312	165
100	270	117
100	356	179
100	231	149
100	241	163
100	252	140
100	150	68
100	420	246
100	248	143
100	308	193
100	172	99
100	151	63
100	380	273
100	210	90
100	466	323
100	313	211
100	367	249
100	272	172
100	272	149
100	367	281
100	233	136
100	278	104
100	481	337
100	465	362
100	309	223
100	313	183
100	199	111
100	186	86
100	289	210
100	275	176
100	203	109
100	266	174
100	189	72
100	220	124
100	309	228
100	142	47
100	137	61
100	310	213
100	457	215
100	302	137
100	242	142
100	239	137
100	238	153
100	170	63
100	359	212
100	290	109
100	252	131
100	304	212
100	365	244
100	242	160
100	149	58
100	312	220
100	165	72
100	263	170
100	375	194
100	263	185
100	231	143
100	255	174
100	192	95
100	203	114
100	380	282
100	400	230
100	149	67
100	281	134
100	186	96
100	441	251
100	263	166
100	391	276
100	331	246
100	117	39
100	249	146
100	208	81
100	148	51
100	161	86
100	202	106
100	348	181
100	356	256
100	261	179
100	152	45
100	324	241
100	158	73
100	316	206
100	336	241
100	413	224
100	334	200
100	354	184
100	323	135
100	362	257
100	227	154
100	297	134
100	197	117
100	235	147
100	365	270
100	245	115
100	142	46
100	209	105
100	297	217
100	405	318
100	366	227
100	341	252
100	242	143
100	352	82
100	185	20
100	301	175
100	257	155
100	232	123
100	328	242
100	222	110
100	242	160
100	191	120
100	215	96
100	295	217
100	225	140
100	275	167
100	125	41
100	181	110
100	322	241
100	310	123
100	399	320
100	394	243
100	341	65
100	160	59
100	390	250
100	352	192
100	378	252
100	363	165
100	248	174
100	168	82
100	350	245
100	319	238
100	293	161
100	323	63
100	279	146
100	210	88
100	115	34
100	280	167
100	404	259
100	339	141
100	145	60
100	300	123
100	243	169
100	330	247
100	344	232
100	331	184
100	199	126
100	217	123
100	293	193
100	285	195
100	210	81
100	275	163
100	413	284
100	205	104
100	305	149
100	173	84
100	268	182
100	456	213
100	314	217
100	217	127
100	363	183
100	225	87
100	180	98
100	148	61
100	371	262
100	496	377
100	265	161
100	357	283
100	212	110
100	206	87
100	352	277
100	293	105
100	181	65
100	237	112
100	402	281
100	261	142
100	237	112
100	214	141
100	318	236
100	428	353
100	360	282
100	191	73
100	269	169
100	442	322
100	278	194
100	434	264
100	361	166
100	337	262
100	292	213
100	183	97
100	151	66
100	359	244
100	276	182
100	323	241
100	210	110
100	292	212
100	177	92
100	303	199
100	166	78
100	125	38
100	169	71
100	271	135
100	409	234
100	175	87
100	122	34
100	124	45
100	413	241
100	228	143
100	194	56
100	170	97
100	253	98
100	239	163
100	219	131
100	245	167
100	165	62
100	159	70
100	377	311
100	264	163
100	259	126
100	271	163
100	303	84
100	383	296
100	236	107
100	280	105
100	355	247
100	298	207
100	158	79
100	192	87
100	190	95
100	346	250
100	354	261
100	298	194
100	174	72
100	231	150
100	212	133
100	156	63
100	205	39
100	271	143
100	237	169
100	244	111
100	379	293
100	178	100
100	230	144
100	313	168
100	161	67
100	252	172
100	192	76
100	219	106
100	381	289
100	306	204
100	291	214
100	155	76
100	373	294
100	293	184
100	358	230
100	204	112
100	227	111
100	262	92
100	152	54
100	384	272
100	452	381
100	337	195
100	248	166
100	405	152
100	122	38
100	155	65
100	246	99
100	289	184
100	190	101
100	250	143
100	437	300
100	401	292
100	367	249
100	218	58
100	416	313
100	224	57
100	452	284
100	429	336
100	221	95
100	387	248
100	184	83
100	348	195
100	268	184
100	339	228
100	174	98
100	264	161
100	331	250
100	270	102
100	191	85
100	249	158
100	284	208
100	151	72
100	325	172
100	178	84
100	220	130
100	233	52
100	313	237
100	144	41
100	355	232
100	297	197
100	275	156
100	333	196
100	202	102
100	239	156
100	260	172
100	288	201
100	168	64
100	222	43
100	190	84
100	157	58
100	185	78
100	279	169
100	334	216
100	308	228
100	454	267
100	398	307
100	131	49
100	399	298
100	225	148
100	145	46
100	292	179
100	348	205
100	209	113
100	245	148
100	128	38
100	226	147
100	208	120
100	316	173
100	380	164
100	335	151
100	310	190
100	208	98
100	123	43
100	341	199
100	182	86
100	237	149
100	285	195
100	149	72
100	241	117
100	303	134
100	261	151
100	163	67
100	264	187
100	255	157
100	291	155
100	255	175
100	264	100
100	172	84
100	274	186
100	211	113
100	146	52
100	247	157
100	286	88
100	287	214
100	156	61
100	228	72
100	232	125
100	303	214
100	218	136
100	354	179
100	241	61
100	312	213
100	449	366
100	261	154
100	330	162
100	238	143
100	171	68
100	141	55
100	225	145
100	212	116
100	273	192
100	156	66
100	409	251
100	432	229
100	233	68
100	403	256
100	181	101
100	199	88
100	233	103
100	169	75
100	399	186
100	196	90
100	232	141
100	465	200
100	321	193
100	213	127
100	352	216
100	210	119
100	267	98
100	407	228
100	226	133
100	186	69
100	394	194
100	239	168
100	462	316
100	238	120
100	303	136
100	308	105
100	194	79
100	161	82
100	238	129
100	237	132
100	214	134
100	162	65
100	203	113
100	309	206
100	216	121
100	231	149
100	202	100
100	191	99
100	270	168
100	265	160
100	521	400
100	277	159
100	258	142
100	196	111
100	153	58
100	228	106
100	279	195
100	216	139
100	352	276
100	327	238
100	176	70
100	308	56
100	266	174
100	521	413
100	240	136
100	168	55
100	155	58
100	180	72
100	245	146
100	375	210
100	471	301
100	386	208
100	288	178
100	279	123
100	290	157
100	245	138
100	166	85
100	343	182
100	300	211
100	249	171
100	339	260
100	443	224
100	185	97
100	205	102
100	301	138
100	387	237
100	363	220
100	458	324
100	169	80
100	232	136
100	224	113
100	273	78
100	395	229
100	276	192
100	243	165
100	162	76
100	385	249
100	327	258
100	188	108
100	237	138
100	160	83
100	279	193
100	224	145
100	424	289
100	323	158
100	245	129
100	143	41
100	225	131
100	237	159
100	360	202
100	215	120
100	267	125
100	220	124
100	418	278
100	408	322
100	309	231
100	166	59
100	285	146
100	325	180
100	192	91
100	333	240
100	351	184
100	325	209
100	505	323
100	247	156
100	373	234
100	258	175
100	272	189
100	255	166
100	274	115
100	393	290
100	134	60
100	270	189
100	183	79
100	275	118
100	144	64
100	304	182
100	246	108
100	353	167
100	502	293
100	132	45
100	210	96
100	178	88
100	217	102
100	404	235
100	311	163
100	192	110
100	332	172
100	311	165
100	200	93
100	281	185
100	239	140
100	166	90
100	249	164
100	252	162
100	344	213
100	206	97
100	281	198
100	246	108
100	302	204
100	319	177
100	305	168
100	187	105
100	177	86
100	229	140
100	300	188
100	156	57
100	224	104
100	251	144
100	278	193
100	265	187
100	384	229
100	237	101
100	232	66
100	318	147
100	351	187
100	265	144
100	284	162
100	212	85
100	154	59
100	354	171
100	251	91
100	430	312
100	285	185
100	342	164
100	216	136
100	264	179
100	335	206
100	442	267
100	151	68
100	294	163
100	436	261
100	306	224
100	168	92
100	136	47
100	197	132
100	390	276
100	286	104
100	612	510
100	398	106
100	155	73
100	250	101
100	195	109
100	324	251
100	448	298
100	222	144
100	139	43
100	335	248
100	337	249
100	176	63
100	183	77
100	266	132
100	217	141
100	245	143
100	195	112
100	278	175
100	204	105
100	272	106
100	389	216
100	161	49
100	197	76
100	186	66
100	195	123
100	300	142
100	217	119
100	319	136
100	198	86
100	263	145
100	372	219
100	202	88
100	210	100
100	319	203
100	293	127
100	372	209
100	255	149
100	401	273
100	265	101
100	197	116
100	159	80
100	191	97
100	273	185
100	316	229
100	247	148
100	256	183
100	357	253
100	399	271
100	319	152
100	215	128
100	274	123
100	277	140
100	261	160
100	278	165
100	163	81
100	162	71
100	207	85
100	361	226
100	270	130
100	272	88
100	369	278
100	533	401
100	314	156
100	352	198
100	306	201
100	227	140
100	383	268
100	326	233
100	281	148
100	210	124
100	269	168
100	253	127
100	187	91
100	308	50
100	280	195
100	338	232
100	202	113
100	248	160
100	231	142
100	533	107
100	148	52
100	236	126
100	458	326
100	263	162
100	304	205
100	228	93
100	224	133
100	216	97
100	214	42
100	275	146
100	318	64
100	283	100
100	146	62
100	341	267
100	409	163
100	229	122
100	403	331
100	367	249
100	230	160
100	238	123
100	249	150
100	323	241
100	369	280
100	450	361
100	240	137
100	171	78
100	165	70
100	359	289
100	320	113
100	289	172
100	301	146
100	317	164
100	347	271
100	406	225
100	276	107
100	309	158
100	186	108
100	377	289
100	332	217
100	214	90
100	292	161
100	393	305
100	306	204
100	289	213
100	210	138
100	311	197
100	237	158
100	266	184
100	198	30
100	243	67
100	248	159
100	191	94
100	246	118
100	272	191
100	133	54
100	228	150
100	136	47
100	330	217
100	264	193
100	251	168
100	246	135
100	229	90
100	124	46
100	311	111
100	430	264
100	317	227
100	161	60
100	186	111
100	153	70
100	191	115
100	423	263
100	246	172
100	194	92
100	181	93
100	204	104
100	199	126
100	266	157
100	383	278
100	190	89
100	495	307
100	257	155
100	221	129
100	241	113
100	334	218
100	433	266
100	182	86
100	272	127
100	241	96
100	222	147
100	221	87
100	179	88
100	157	68
100	206	117
100	199	110
100	288	124
100	380	151
100	304	184
100	239	148
100	349	228
100	402	320
100	319	226
100	209	127
100	535	415
100	178	81
100	228	139
100	472	295
100	140	45
100	185	89
100	134	52
100	382	209
100	243	154
100	162	85
100	306	158
100	173	90
100	283	126
100	273	122
100	313	227
100	314	224
100	219	87
100	186	66
100	242	147
100	141	58
100	195	74
100	136	52
100	277	183
100	154	52
100	362	189
100	254	158
100	250	141
100	375	239
100	248	160
100	307	238
100	224	53
100	258	170
100	367	201
100	291	195
100	188	103
100	360	190
100	278	194
100	284	168
100	348	241
100	310	210
100	152	70
100	212	131
100	250	99
100	316	155
100	346	91
100	213	81
100	331	153
100	199	114
100	253	138
100	166	88
100	356	206
100	301	101
100	179	101
100	156	49
100	221	97
100	219	120
100	351	97
100	235	134
100	351	266
100	177	92
100	420	262
100	405	283
100	256	149
100	330	191
100	376	239
100	439	354
100	168	96
100	298	167
100	311	192
100	692	478
100	224	121
100	296	192
100	343	255
100	293	90
100	196	126
100	149	65
100	189	110
100	218	125
100	353	86
100	214	119
100	173	86
100	224	149
100	189	32
100	209	123
100	330	200
100	272	189
100	267	144
100	349	169
100	197	97
100	331	243
100	144	53
100	292	174
100	273	194
100	274	175
100	171	75
100	237	89
100	354	237
100	347	174
100	398	248
100	173	91
100	364	237
100	187	105
100	385	121
100	247	166
100	155	48
100	298	120
100	367	304
100	163	81
100	226	121
100	166	62
100	615	379
100	488	276
100	176	86
100	211	97
100	312	127
100	225	146
100	307	228
100	271	180
100	364	183
100	417	251
100	238	149
100	219	129
100	248	160
100	388	297
100	189	113
100	431	276
100	276	182
100	194	41
100	314	216
100	249	138
100	367	173
100	290	221
100	316	195
100	309	196
100	345	215
100	331	249
100	427	334
100	234	131
100	287	133
100	167	85
100	127	35
100	200	121
