n:	 c:	 s:	 t:
100	529	672	0.320146
100	549	672	0.143392
100	540	672	0.143824
100	536	672	0.150551
100	545	672	0.136088
100	549	672	0.139793
100	524	672	0.135303
100	542	672	0.137056
100	542	672	0.146364
100	533	672	0.080619
200	1289	1544	0.125664
200	1277	1544	0.140043
200	1288	1544	0.090101
200	1286	1544	0.122206
200	1271	1544	0.089784
200	1287	1544	0.089727
200	1301	1544	0.111226
200	1271	1544	0.062792
200	1298	1544	0.062072
200	1277	1544	0.064147
300	2087	2488	0.101333
300	2112	2488	0.099509
300	2090	2488	0.101739
300	2101	2488	0.097881
300	2097	2488	0.104198
300	2091	2488	0.100037
300	2107	2488	0.105051
300	2101	2488	0.099745
300	2097	2488	0.100789
300	2088	2488	0.098445
400	2964	3488	0.141148
400	2955	3488	0.14116
400	2971	3488	0.139045
400	2963	3488	0.159594
400	2958	3488	0.139164
400	2951	3488	0.137539
400	2937	3488	0.14778
400	2944	3488	0.138154
400	2968	3488	0.151647
400	2976	3488	0.137443
500	3875	4488	0.179998
500	3852	4488	0.177326
500	3847	4488	0.18276
500	3861	4488	0.176253
500	3846	4488	0.176832
500	3878	4488	0.184585
500	3853	4488	0.174705
500	3848	4488	0.189812
500	3849	4488	0.169294
500	3842	4488	0.168152
600	4798	5576	0.216111
600	4792	5576	0.23295
600	4767	5576	0.224036
600	4768	5576	0.212608
600	4814	5576	0.210282
600	4798	5576	0.247655
600	4789	5576	0.20993
600	4789	5576	0.237052
600	4820	5576	0.3563
600	4780	5576	0.212999
700	5749	6676	0.256993
700	5739	6676	0.250881
700	5756	6676	0.294843
700	5759	6676	0.37151
700	5758	6676	0.450129
700	5774	6676	0.479093
700	5763	6676	0.434528
700	5742	6676	0.443132
700	5764	6676	0.459969
700	5731	6676	0.440214
800	6718	7776	0.529281
800	6718	7776	0.530348
800	6705	7776	0.535379
800	6708	7776	0.479545
800	6701	7776	0.981264
800	6729	7776	0.296158
800	6724	7776	0.297148
800	6739	7776	0.294837
800	6750	7776	0.294137
800	6699	7776	0.33647
900	7693	8876	0.374745
900	7735	8876	0.467494
900	7702	8876	0.577478
900	7714	8876	0.574033
900	7704	8876	0.484148
900	7712	8876	0.347474
900	7707	8876	0.588996
900	7701	8876	0.433514
900	7681	8876	0.337716
900	7690	8876	0.492743
1000	8698	9976	0.389097
1000	8696	9976	0.380854
1000	8698	9976	0.374248
1000	8669	9976	0.506986
1000	8729	9976	0.448055
1000	8716	9976	0.377784
1000	8687	9976	0.395823
1000	8708	9976	0.393834
1000	8676	9976	0.372281
1000	8728	9976	0.623026
1100	9744	11152	0.434202
1100	9779	11152	0.455084
1100	9750	11152	0.428852
1100	9759	11152	0.431824
1100	9742	11152	0.359201
1100	9719	11152	0.204436
1100	9727	11152	0.204585
1100	9754	11152	0.198557
1100	9723	11152	0.206062
1100	9724	11152	0.197149
1200	10774	12352	0.224385
1200	10767	12352	0.232483
1200	10791	12352	0.216716
1200	10799	12352	0.231986
1200	10756	12352	0.221976
1200	10789	12352	0.228728
1200	10788	12352	0.227297
1200	10738	12352	0.224443
1200	10806	12352	0.251344
1200	10817	12352	0.229048
1300	11842	13552	0.241239
1300	11854	13552	0.241484
1300	11807	13552	0.270384
1300	11865	13552	0.336922
1300	11842	13552	0.351081
1300	11816	13552	0.407119
1300	11847	13552	0.34361
1300	11845	13552	0.347762
1300	11798	13552	0.367228
1300	11787	13552	0.351893
1400	12931	14752	0.446683
1400	12897	14752	0.434547
1400	12899	14752	0.305066
1400	12902	14752	0.261906
1400	12879	14752	0.263861
1400	12868	14752	0.258897
1400	12894	14752	0.263533
1400	12908	14752	0.267856
1400	12940	14752	0.258451
1400	12874	14752	0.268113
1500	14007	15952	0.292511
1500	13942	15952	0.278721
1500	13916	15952	0.318709
1500	13992	15952	0.277931
1500	13973	15952	0.279631
1500	13981	15952	0.291212
1500	13989	15952	0.286895
1500	13936	15952	0.277035
1500	13970	15952	0.277945
1500	13951	15952	0.276778
1600	15025	17152	0.302581
1600	15051	17152	0.298276
1600	15044	17152	0.336012
1600	14983	17152	0.303771
1600	15023	17152	0.362157
1600	15020	17152	0.298265
1600	15016	17152	0.305129
1600	14996	17152	0.299396
1600	15053	17152	0.296607
1600	15048	17152	0.300173
1700	16149	18352	0.324179
1700	16117	18352	0.337827
1700	16110	18352	0.317908
1700	16094	18352	0.331902
1700	16120	18352	0.334441
1700	16090	18352	0.321587
1700	16127	18352	0.325115
1700	16101	18352	0.334716
1700	16096	18352	0.322115
1700	16143	18352	0.328248
1800	17205	19552	0.338572
1800	17243	19552	0.35754
1800	17243	19552	0.462556
1800	17172	19552	0.51517
1800	17200	19552	0.522425
1800	17222	19552	11.225871
1800	17181	19552	0.662856
1800	17263	19552	0.40357
1800	17224	19552	0.386426
1800	17182	19552	0.361843
1900	18323	20752	0.311386
1900	18301	20752	0.303388
1900	18349	20752	0.436483
1900	18292	20752	0.429873
1900	18291	20752	0.328177
1900	18315	20752	0.310452
1900	18336	20752	0.303124
1900	18286	20752	0.313327
1900	18323	20752	0.303164
1900	18299	20752	0.407738
2000	19422	21952	0.444481
2000	19395	21952	0.479089
2000	19388	21952	0.448349
2000	19401	21952	0.487274
2000	19412	21952	0.540818
2000	19406	21952	0.509611
2000	19427	21952	0.39243
2000	19401	21952	0.3461
2000	19435	21952	0.330192
2000	19387	21952	0.318646
2100	20547	23204	0.344456
2100	20535	23204	0.375597
2100	20543	23204	0.339293
2100	20511	23204	0.336332
2100	20529	23204	0.337246
2100	20507	23204	0.337652
2100	20493	23204	0.36001
2100	20533	23204	0.348445
2100	20533	23204	0.337243
2100	20533	23204	0.336923
2200	21660	24504	0.564971
2200	21655	24504	0.620585
2200	21671	24504	0.579512
2200	21646	24504	0.57485
2200	21626	24504	0.58679
2200	21662	24504	0.600676
2200	21695	24504	0.597856
2200	21641	24504	0.514004
2200	21706	24504	0.494501
2200	21627	24504	0.361192
2300	22785	25804	0.375543
2300	22802	25804	0.435291
2300	22822	25804	0.37358
2300	22764	25804	0.566068
2300	22808	25804	0.446609
2300	22769	25804	0.374576
2300	22854	25804	0.377161
2300	22821	25804	0.372004
2300	22752	25804	0.37275
2300	22867	25804	0.379978
2400	24016	27104	0.397934
2400	23990	27104	0.393011
2400	23960	27104	0.390398
2400	24001	27104	0.411528
2400	23943	27104	0.399267
2400	24035	27104	0.39318
2400	23980	27104	0.397098
2400	23972	27104	0.471359
2400	24010	27104	0.39356
2400	23954	27104	0.402588
2500	25118	28404	0.55903
2500	25111	28404	0.63771
2500	25088	28404	0.562114
2500	25075	28404	0.400825
2500	25125	28404	0.41617
2500	25096	28404	0.401939
2500	25155	28404	0.552657
2500	25121	28404	0.546426
2500	25109	28404	0.589678
2500	25139	28404	0.560043
2600	26298	29704	0.608855
2600	26258	29704	0.586366
2600	26320	29704	0.585814
2600	26273	29704	0.702288
2600	26247	29704	0.587362
2600	26250	29704	0.794816
2600	26274	29704	0.769853
2600	26271	29704	0.531388
2600	26295	29704	0.542571
2600	26254	29704	0.551493
2700	27383	31004	0.560678
2700	27459	31004	0.554831
2700	27413	31004	0.560847
2700	27430	31004	0.543927
2700	27382	31004	0.552684
2700	27430	31004	0.52824
2700	27373	31004	0.533321
2700	27456	31004	0.531966
2700	27380	31004	0.54177
2700	27441	31004	0.544519
2800	28595	32304	0.554603
2800	28600	32304	0.567754
2800	28599	32304	0.642291
2800	28601	32304	0.575028
2800	28582	32304	0.567358
2800	28595	32304	0.579107
2800	28540	32304	0.559576
2800	28582	32304	0.565471
2800	28619	32304	0.572012
2800	28623	32304	0.565733
2900	29803	33604	0.586974
2900	29715	33604	0.585733
2900	29739	33604	0.585973
2900	29766	33604	0.587816
2900	29762	33604	0.582413
2900	29720	33604	0.593951
2900	29756	33604	0.586674
2900	29719	33604	0.584351
2900	29776	33604	0.582532
2900	29762	33604	0.592575
3000	30932	34904	0.606702
3000	30900	34904	0.622801
3000	30928	34904	0.601074
3000	30901	34904	0.605425
3000	30887	34904	0.603039
3000	30945	34904	0.621827
3000	30900	34904	0.603916
3000	30941	34904	0.61904
3000	30918	34904	0.603223
3000	30900	34904	0.610788
3100	32113	36204	0.630195
3100	32115	36204	0.62883
3100	32096	36204	0.62774
3100	32146	36204	0.731159
3100	32088	36204	0.686957
3100	32075	36204	0.629394
3100	32156	36204	0.633285
3100	32066	36204	0.632407
3100	32113	36204	0.630012
3100	32094	36204	0.627336
3200	33298	37504	0.652962
3200	33206	37504	0.668487
3200	33251	37504	0.650728
3200	33252	37504	0.650457
3200	33336	37504	0.664918
3200	33277	37504	0.662692
3200	33297	37504	0.6504
3200	33268	37504	0.650448
3200	33274	37504	0.662549
3200	33282	37504	0.648851
3300	34429	38804	0.686691
3300	34422	38804	0.672894
3300	34510	38804	0.676381
3300	34469	38804	0.67248
3300	34452	38804	0.701795
3300	34463	38804	0.712311
3300	34457	38804	0.672802
3300	34463	38804	0.670999
3300	34462	38804	0.671599
3300	34472	38804	0.67929
3400	35567	40104	0.705325
3400	35590	40104	0.740584
3400	35655	40104	0.709722
3400	35706	40104	0.704812
3400	35621	40104	0.972107
3400	35686	40104	0.70409
3400	35665	40104	0.709901
3400	35638	40104	0.699512
3400	35687	40104	0.965661
3400	35627	40104	0.726121
3500	36849	41404	0.72364
3500	36846	41404	0.737688
3500	36826	41404	0.727069
3500	36850	41404	0.735116
3500	36841	41404	0.737205
3500	36872	41404	0.726165
3500	36810	41404	0.860076
3500	36866	41404	0.719306
3500	36834	41404	0.721653
3500	36938	41404	0.738266
3600	38020	42704	0.786667
3600	38063	42704	0.744918
3600	38036	42704	0.736565
3600	38055	42704	0.738421
3600	38041	42704	0.806285
3600	38070	42704	0.794294
3600	38029	42704	0.758272
3600	38056	42704	0.742441
3600	38009	42704	0.740051
3600	38031	42704	0.761974
3700	39174	44004	0.768037
3700	39203	44004	0.763783
3700	39219	44004	0.764855
3700	39202	44004	0.763452
3700	39140	44004	0.764826
3700	39209	44004	0.761554
3700	39242	44004	0.766527
3700	39183	44004	0.773839
3700	39247	44004	0.893212
3700	39254	44004	0.784082
3800	40408	45304	0.78644
3800	40396	45304	0.782515
3800	40442	45304	0.785496
3800	40399	45304	0.806935
3800	40413	45304	0.786937
3800	40310	45304	0.889135
3800	40438	45304	0.782767
3800	40448	45304	0.800246
3800	40375	45304	0.906422
3800	40346	45304	1.68662
3900	41624	46604	0.814085
3900	41592	46604	0.818009
3900	41619	46604	0.803198
3900	41628	46604	1.136529
3900	41630	46604	1.238729
3900	41566	46604	1.177845
3900	41639	46604	1.138454
3900	41642	46604	0.9801
3900	41598	46604	0.78148
3900	41623	46604	0.753309
4000	42802	47904	0.780678
4000	42770	47904	0.775944
4000	42831	47904	0.779537
4000	42828	47904	0.777676
4000	42810	47904	0.771804
4000	42852	47904	0.773461
4000	42847	47904	0.834516
4000	42847	47904	0.840537
4000	42802	47904	0.788899
4000	42819	47904	0.787499
4100	44045	49208	0.790628
4100	44022	49208	0.79283
4100	44039	49208	0.808174
4100	44034	49208	0.788502
4100	44064	49208	0.787621
4100	44094	49208	0.797546
4100	44004	49208	0.801386
4100	44065	49208	0.789666
4100	44065	49208	0.797638
4100	44047	49208	0.791032
4200	45237	50608	0.829751
4200	45237	50608	0.833133
4200	45265	50608	0.818465
4200	45230	50608	0.821563
4200	45310	50608	0.826661
4200	45299	50608	0.831039
4200	45268	50608	0.824902
4200	45218	50608	0.816297
4200	45201	50608	0.817022
4200	45320	50608	0.820857
4300	46559	52008	0.846285
4300	46565	52008	0.84862
4300	46472	52008	0.845958
4300	46543	52008	0.839242
4300	46552	52008	0.84413
4300	46435	52008	0.900434
4300	46543	52008	0.853198
4300	46493	52008	0.845721
4300	46514	52008	0.836629
4300	46451	52008	0.844634
4400	47698	53408	0.86684
4400	47752	53408	0.861936
4400	47726	53408	0.870278
4400	47818	53408	0.873855
4400	47737	53408	0.863291
4400	47771	53408	0.858271
4400	47795	53408	0.85846
4400	47744	53408	0.863629
4400	47759	53408	0.867473
4400	47716	53408	0.865845
4500	48990	54808	0.888817
4500	49000	54808	0.997601
4500	48982	54808	0.951928
4500	48986	54808	0.93602
4500	49004	54808	0.907912
4500	48949	54808	0.893603
4500	49028	54808	0.890747
4500	49004	54808	0.916121
4500	48961	54808	0.903099
4500	49006	54808	0.928366
4600	50246	56208	0.933632
4600	50223	56208	0.968717
4600	50255	56208	0.904483
4600	50256	56208	0.928741
4600	50226	56208	0.908444
4600	50248	56208	0.902339
4600	50240	56208	0.902828
4600	50339	56208	0.90747
4600	50226	56208	0.950928
4600	50269	56208	0.899418
4700	51478	57608	0.928353
4700	51472	57608	0.94163
4700	51509	57608	1.064722
4700	51513	57608	0.950969
4700	51416	57608	0.921047
4700	51505	57608	0.940621
4700	51426	57608	0.929272
4700	51539	57608	0.926736
4700	51446	57608	0.927849
4700	51441	57608	1.022813
4800	52773	59008	0.946503
4800	52743	59008	0.94779
4800	52708	59008	0.943412
4800	52735	59008	0.971968
4800	52753	59008	0.941571
4800	52689	59008	0.94267
4800	52730	59008	0.939619
4800	52766	59008	0.964014
4800	52636	59008	0.946102
4800	52761	59008	0.942435
4900	53949	60408	0.995851
4900	53978	60408	1.039173
4900	54054	60408	1.008859
4900	53971	60408	0.976034
4900	53894	60408	0.977562
4900	53983	60408	0.97002
4900	54006	60408	0.968741
4900	53877	60408	0.969188
4900	53975	60408	0.980971
4900	53968	60408	0.994438
5000	55235	61808	0.991065
5000	55261	61808	0.989428
5000	55266	61808	1.011645
5000	55243	61808	0.988793
5000	55155	61808	0.986631
5000	55249	61808	0.982418
5000	55279	61808	0.99598
5000	55198	61808	1.005744
5000	55203	61808	1.034371
5000	55245	61808	1.004208
5100	56451	63208	1.005673
5100	56418	63208	1.024178
5100	56491	63208	1.003354
5100	56531	63208	1.011686
5100	56517	63208	1.023123
5100	56461	63208	1.002636
5100	56423	63208	1.008074
5100	56399	63208	1.002326
5100	56444	63208	1.008668
5100	56515	63208	1.007577
5200	57732	64608	1.050931
5200	57698	64608	1.373066
5200	57765	64608	1.626218
5200	57733	64608	1.347656
5200	57827	64608	1.036446
5200	57808	64608	1.028008
5200	57778	64608	1.077566
5200	57711	64608	1.083495
5200	57762	64608	1.044191
5200	57753	64608	1.042877
5300	58994	66008	1.05431
5300	59033	66008	1.059861
5300	58971	66008	1.053656
5300	59027	66008	1.067707
5300	58848	66008	1.057118
5300	59005	66008	1.052821
5300	58999	66008	1.049759
5300	59004	66008	1.078536
5300	58940	66008	1.049692
5300	59064	66008	1.048629
5400	60191	67408	1.087518
5400	60210	67408	1.07823
5400	60271	67408	1.088993
5400	60323	67408	1.075544
5400	60297	67408	1.085685
5400	60304	67408	1.084725
5400	60225	67408	1.080038
5400	60292	67408	1.079334
5400	60226	67408	1.077149
5400	60221	67408	1.075276
5500	61464	68808	1.104588
5500	61488	68808	1.097896
5500	61492	68808	1.150758
5500	61580	68808	1.094367
5500	61511	68808	1.110172
5500	61498	68808	1.094663
5500	61516	68808	1.092114
5500	61513	68808	1.097497
5500	61494	68808	1.141201
5500	61523	68808	1.09312
5600	62740	70208	1.122324
5600	62740	70208	1.18469
5600	62779	70208	1.151867
5600	62862	70208	1.112319
5600	62759	70208	1.148472
5600	62728	70208	1.116933
5600	62827	70208	1.113778
5600	62761	70208	1.119629
5600	62731	70208	1.114545
5600	62775	70208	1.113362
5700	64130	71608	1.146254
5700	64024	71608	1.148745
5700	63987	71608	1.139897
5700	64081	71608	1.140159
5700	63980	71608	1.153991
5700	64048	71608	1.137802
5700	63983	71608	1.136008
5700	64012	71608	1.13856
5700	64138	71608	1.140284
5700	64082	71608	1.149013
5800	65271	73008	1.168132
5800	65288	73008	1.15819
5800	65379	73008	1.164143
5800	65323	73008	1.165584
5800	65315	73008	1.177585
5800	65190	73008	1.478612
5800	65307	73008	3.703272
5800	65354	73008	2.501779
5800	65311	73008	2.80448
5800	65300	73008	4.252558
5900	66501	74408	3.019797
5900	66557	74408	3.778463
5900	66568	74408	4.112797
5900	66577	74408	4.336442
5900	66598	74408	1.746787
5900	66549	74408	1.35752
5900	66607	74408	1.403075
5900	66595	74408	1.394746
5900	66580	74408	1.337489
5900	66526	74408	1.379761
6000	67835	75808	1.383477
6000	67784	75808	1.86473
6000	67872	75808	1.304336
6000	67945	75808	1.248458
6000	67814	75808	1.244133
6000	67837	75808	1.285082
6000	67901	75808	1.380328
6000	67777	75808	1.420332
6000	67892	75808	1.36348
6000	67853	75808	4.159123
6100	69153	77208	1.085165
6100	69127	77208	1.045323
6100	69056	77208	1.046189
6100	69105	77208	1.058377
6100	69080	77208	1.05142
6100	69158	77208	1.042029
6100	69050	77208	1.048535
6100	69222	77208	1.059721
6100	69166	77208	1.070736
6100	69092	77208	1.04009
6200	70338	78608	1.113437
6200	70384	78608	1.062176
6200	70373	78608	1.068652
6200	70400	78608	1.07018
6200	70357	78608	1.083079
6200	70328	78608	1.060892
6200	70448	78608	1.069295
6200	70420	78608	1.07443
6200	70376	78608	1.065474
6200	70378	78608	1.060282
6300	71721	80008	1.094477
6300	71677	80008	1.096472
6300	71609	80008	1.090183
6300	71788	80008	1.089201
6300	71629	80008	1.093562
6300	71712	80008	1.092242
6300	71673	80008	1.274653
6300	71704	80008	1.176375
6300	71670	80008	1.085225
6300	71718	80008	1.115739
6400	72866	81408	1.477307
6400	72996	81408	1.562199
6400	72829	81408	1.677908
6400	72906	81408	1.600289
6400	72987	81408	1.565996
6400	72896	81408	1.558174
6400	72941	81408	1.671623
6400	72970	81408	1.673987
6400	72997	81408	1.646528
6400	72942	81408	1.707141
6500	74178	82808	1.667919
6500	74217	82808	1.685524
6500	74273	82808	1.673382
6500	74261	82808	1.780775
6500	74258	82808	1.782666
6500	74280	82808	1.772234
6500	74204	82808	1.71455
6500	74169	82808	1.683143
6500	74210	82808	1.618898
6500	74210	82808	1.682539
6600	75570	84208	1.613505
6600	75492	84208	1.636327
6600	75512	84208	1.51702
6600	75524	84208	1.683201
6600	75490	84208	1.621592
6600	75579	84208	1.574648
6600	75555	84208	1.61256
6600	75566	84208	1.608772
6600	75480	84208	1.186344
6600	75574	84208	1.154933
6700	76873	85608	1.380294
6700	76864	85608	1.730407
6700	76787	85608	1.708513
6700	76798	85608	1.767092
6700	76833	85608	1.72185
6700	76845	85608	1.550723
6700	76849	85608	1.617418
6700	76806	85608	1.662274
6700	76855	85608	1.70182
6700	76846	85608	1.686209
6800	78098	87008	1.713729
6800	78097	87008	1.666223
6800	78123	87008	1.690674
6800	78144	87008	1.704318
6800	78142	87008	1.715927
6800	78083	87008	1.595518
6800	78066	87008	1.672799
6800	78116	87008	1.687475
6800	78090	87008	1.77525
6800	78028	87008	1.645593
6900	79390	88408	1.712027
6900	79324	88408	1.716285
6900	79387	88408	1.718338
6900	79398	88408	1.656202
6900	79423	88408	1.63031
6900	79423	88408	1.643832
6900	79364	88408	1.82577
6900	79463	88408	1.859808
6900	79418	88408	1.864914
6900	79426	88408	1.767829
7000	80770	89808	1.772737
7000	80703	89808	1.872755
7000	80633	89808	1.740591
7000	80665	89808	1.802161
7000	80714	89808	1.264597
7000	80716	89808	1.258542
7000	80722	89808	1.290283
7000	80704	89808	1.225864
7000	80658	89808	1.238694
7000	80694	89808	1.43184
7100	81967	91208	1.687552
7100	81946	91208	1.664737
7100	81956	91208	1.675141
7100	82039	91208	1.582478
7100	82049	91208	1.682133
7100	82027	91208	1.783738
7100	81952	91208	1.817397
7100	82076	91208	1.743234
7100	81904	91208	1.811508
7100	81918	91208	1.728977
7200	83268	92608	1.649101
7200	83314	92608	1.652214
7200	83198	92608	1.674406
7200	83271	92608	1.734851
7200	83180	92608	1.623282
7200	83235	92608	1.249875
7200	83189	92608	1.254752
7200	83235	92608	1.273016
7200	83352	92608	1.281156
7200	83164	92608	1.762362
7300	84661	94008	1.619671
7300	84474	94008	1.311737
7300	84521	94008	1.28222
7300	84534	94008	1.273185
7300	84545	94008	1.408145
7300	84560	94008	1.280979
7300	84538	94008	1.272571
7300	84574	94008	1.273712
7300	84504	94008	1.280655
7300	84509	94008	1.279276
7400	85902	95408	1.457536
7400	85878	95408	1.629684
7400	85854	95408	1.309435
7400	85818	95408	1.333041
7400	85787	95408	1.307355
7400	85893	95408	1.317761
7400	85936	95408	1.298341
7400	85809	95408	1.295364
7400	85824	95408	1.291645
7400	85896	95408	1.288524
7500	87171	96808	1.320589
7500	87178	96808	1.341989
7500	87164	96808	1.342528
7500	87156	96808	1.312803
7500	87182	96808	1.316745
7500	87184	96808	1.312658
7500	87126	96808	1.307035
7500	87188	96808	1.362477
7500	87121	96808	1.308269
7500	87172	96808	1.324239
7600	88535	98208	1.355532
7600	88380	98208	1.324534
7600	88456	98208	1.324127
7600	88459	98208	1.405592
7600	88428	98208	1.323246
7600	88461	98208	1.341147
7600	88384	98208	1.330468
7600	88532	98208	1.322354
7600	88426	98208	1.330531
7600	88478	98208	1.322344
7700	89764	99608	1.337108
7700	89608	99608	1.341377
7700	89797	99608	1.348468
7700	89724	99608	1.343053
7700	89661	99608	1.346172
7700	89737	99608	1.342292
7700	89689	99608	1.336943
7700	89720	99608	1.346331
7700	89726	99608	1.353014
7700	89741	99608	1.345416
7800	91026	101008	1.363059
7800	91058	101008	1.369001
7800	91020	101008	1.383998
7800	90920	101008	1.365689
7800	91005	101008	1.364255
7800	91099	101008	1.472277
7800	91003	101008	1.359257
7800	91135	101008	1.393923
7800	91019	101008	1.360265
7800	91007	101008	1.361912
7900	92308	102408	1.385977
7900	92407	102408	1.379788
7900	92328	102408	1.386672
7900	92460	102408	1.387227
7900	92350	102408	1.381434
7900	92334	102408	1.392439
7900	92407	102408	1.385587
7900	92279	102408	1.384401
7900	92387	102408	1.389706
7900	92285	102408	1.385222
8000	93665	103808	1.40228
8000	93556	103808	1.406123
8000	93681	103808	1.41857
8000	93617	103808	1.407338
8000	93548	103808	1.397617
8000	93655	103808	1.410814
8000	93690	103808	1.405163
8000	93692	103808	1.404842
8000	93634	103808	1.410912
8000	93636	103808	1.414937
8100	94894	105208	1.444269
8100	94950	105208	1.475739
8100	94927	105208	1.434445
8100	94988	105208	1.449844
8100	94882	105208	1.429061
8100	94912	105208	1.42104
8100	94959	105208	1.41604
8100	94896	105208	1.415501
8100	94835	105208	1.416703
8100	94920	105208	1.428578
8200	96224	106616	1.434488
8200	96224	106616	1.435263
8200	96257	106616	1.440878
8200	96281	106616	1.436595
8200	96234	106616	1.440722
8200	96309	106616	1.433763
8200	96274	106616	1.431634
8200	96237	106616	1.459393
8200	96266	106616	1.44066
8200	96180	106616	1.430907
8300	97589	108116	1.478492
8300	97559	108116	1.454209
8300	97575	108116	1.462146
8300	97601	108116	1.459781
8300	97661	108116	4.884221
8300	97595	108116	1.523824
8300	97619	108116	1.460956
8300	97612	108116	1.486222
8300	97621	108116	1.469614
8300	97529	108116	1.455405
8400	98934	109616	1.489088
8400	98953	109616	1.481215
8400	98900	109616	1.483528
8400	98964	109616	1.479624
8400	98943	109616	1.533933
8400	98874	109616	1.595999
8400	98928	109616	1.479666
8400	98959	109616	1.487599
8400	98954	109616	1.480946
8400	98886	109616	1.48327
8500	100294	111116	1.505918
8500	100374	111116	1.499715
8500	100268	111116	1.501673
8500	100251	111116	1.498511
8500	100266	111116	1.494802
8500	100218	111116	1.501994
8500	100262	111116	1.500333
8500	100238	111116	1.499346
8500	100315	111116	1.509537
8500	100227	111116	1.613291
8600	101574	112616	1.531918
8600	101548	112616	1.579667
8600	101644	112616	1.577117
8600	101544	112616	1.516971
8600	101666	112616	1.540227
8600	101732	112616	1.534484
8600	101602	112616	1.525405
8600	101681	112616	1.527249
8600	101633	112616	1.515006
8600	101610	112616	1.527158
8700	102960	114116	1.558239
8700	103006	114116	1.529787
8700	102935	114116	1.557186
8700	102960	114116	1.537561
8700	102995	114116	1.539629
8700	102947	114116	1.529774
8700	102937	114116	1.540342
8700	102959	114116	1.537181
8700	102948	114116	1.525879
8700	102997	114116	1.533087
8800	104257	115616	1.554391
8800	104273	115616	1.557207
8800	104236	115616	1.570576
8800	104306	115616	1.553465
8800	104266	115616	1.613947
8800	104282	115616	1.55167
8800	104277	115616	1.587017
8800	104147	115616	1.562631
8800	104378	115616	1.568209
8800	104283	115616	1.566814
8900	105664	117116	1.582875
8900	105600	117116	1.589971
8900	105626	117116	1.585861
8900	105630	117116	1.587346
8900	105657	117116	1.637432
8900	105581	117116	1.935785
8900	105586	117116	1.583955
8900	105682	117116	1.581405
8900	105647	117116	1.606962
8900	105522	117116	1.587109
9000	106943	118616	1.617344
9000	106985	118616	1.598852
9000	106988	118616	1.60578
9000	106928	118616	1.594972
9000	106983	118616	1.597836
9000	107057	118616	1.619799
9000	106994	118616	1.606318
9000	106940	118616	1.65071
9000	107064	118616	1.643889
9000	106968	118616	1.638473
9100	108299	120116	1.614078
9100	108354	120116	1.625878
9100	108209	120116	1.646201
9100	108315	120116	1.618702
9100	108327	120116	1.627436
9100	108324	120116	1.622145
9100	108342	120116	1.62036
9100	108221	120116	1.633722
9100	108364	120116	1.623839
9100	108251	120116	1.615521
9200	109602	121616	1.630074
9200	109622	121616	1.635666
9200	109675	121616	1.640693
9200	109675	121616	1.657223
9200	109607	121616	1.632066
9200	109618	121616	1.641229
9200	109708	121616	1.63577
9200	109716	121616	1.635313
9200	109623	121616	1.646235
9200	109803	121616	1.652972
9300	110989	123116	1.750398
9300	111016	123116	1.658696
9300	111061	123116	1.69841
9300	111059	123116	1.654965
9300	110977	123116	1.668657
9300	111089	123116	1.658262
9300	111115	123116	1.659853
9300	111046	123116	1.660227
9300	110994	123116	1.653387
9300	111046	123116	1.675129
9400	112415	124616	1.673311
9400	112361	124616	1.684222
9400	112496	124616	1.684479
9400	112394	124616	1.678235
9400	112286	124616	1.67757
9400	112383	124616	1.68859
9400	112404	124616	1.726737
9400	112415	124616	1.676277
9400	112393	124616	1.677573
9400	112366	124616	1.674681
9500	113678	126116	1.694453
9500	113703	126116	1.709004
9500	113739	126116	1.747527
9500	113729	126116	1.705626
9500	113683	126116	1.757802
9500	113673	126116	1.701162
9500	113738	126116	1.714967
9500	113715	126116	1.691923
9500	113724	126116	2.311261
9500	113710	126116	2.34131
9600	115132	127616	1.769369
9600	115067	127616	1.709808
9600	115066	127616	1.755808
9600	115087	127616	1.714759
9600	115056	127616	2.026132
9600	115146	127616	1.808258
9600	115021	127616	1.752293
9600	115035	127616	1.73481
9600	115121	127616	1.847565
9600	115010	127616	1.734672
9700	116347	129116	1.752593
9700	116355	129116	1.744663
9700	116395	129116	1.802624
9700	116387	129116	1.821634
9700	116461	129116	1.797636
9700	116407	129116	1.739303
9700	116329	129116	1.764332
9700	116435	129116	1.727518
9700	116267	129116	1.745127
9700	116478	129116	1.733792
9800	117704	130616	1.749025
9800	117774	130616	1.759068
9800	117784	130616	1.785326
9800	117807	130616	1.764409
9800	117814	130616	1.763957
9800	117763	130616	1.815212
9800	117689	130616	1.921532
9800	117756	130616	1.778891
9800	117738	130616	1.749443
9800	117732	130616	1.762447
9900	119181	132116	1.764931
9900	119075	132116	1.773365
9900	119096	132116	1.791258
9900	119096	132116	1.888774
9900	119036	132116	1.778367
9900	119145	132116	1.790267
9900	119099	132116	1.800726
9900	119135	132116	2.36308
9900	119171	132116	2.420428
9900	119062	132116	1.833787
10000	120441	133616	1.799879
10000	120450	133616	1.804882
10000	120463	133616	1.788383
10000	120321	133616	1.811808
10000	120368	133616	1.822624
10000	120488	133616	1.828332
10000	120447	133616	1.787008
10000	120447	133616	1.793146
10000	120373	133616	4.734549
10000	120407	133616	1.799032
