n:	 c:	 s:	 t:
100	540	672	0.392785
200	1282	1544	0.396873
300	2085	2488	0.743674
400	2980	3488	0.357803
500	3860	4488	0.473171
600	4802	5576	0.597889
700	5734	6676	0.668149
800	6751	7776	0.79998
900	7700	8876	0.755392
1000	8687	9976	0.896081
1100	9746	11152	0.998958
1200	10762	12352	1.058217
1300	11844	13552	1.168725
1400	12910	14752	1.277345
1500	13959	15952	1.395248
1600	15038	17152	1.437103
1700	16106	18352	1.459295
1800	17207	19552	1.668094
1900	18349	20752	1.79061
2000	19447	21952	1.852804
2100	20552	23204	1.9465
2200	21692	24504	2.142799
2300	22867	25804	2.185954
2400	23969	27104	3.272589
2500	25148	28404	3.13389
2600	26295	29704	1.22602
2700	27389	31004	0.897505
2800	28552	32304	0.969299
2900	29744	33604	0.971924
3000	30963	34904	1.062195
3100	32109	36204	1.060189
3200	33348	37504	0.749955
3300	34421	38804	0.712423
3400	35681	40104	0.792529
3500	36867	41404	0.762799
3600	38019	42704	0.80504
3700	39200	44004	0.869802
3800	40418	45304	0.82555
3900	41569	46604	0.846679
4000	42821	47904	1.013665
4100	43976	49208	0.891029
4200	45309	50608	0.97848
4300	46505	52008	0.955335
4400	47796	53408	1.031426
4500	49022	54808	1.003352
4600	50286	56208	1.033458
4700	51450	57608	1.146313
4800	52662	59008	1.063351
4900	53871	60408	1.099666
5000	55230	61808	1.573182
5100	56490	63208	1.721184
5200	57778	64608	1.690857
5300	58966	66008	1.714742
5400	60257	67408	1.796898
5500	61599	68808	10.680988
5600	62781	70208	3.315297
5700	63999	71608	1.501265
5800	65309	73008	1.346696
5900	66574	74408	1.139821
6000	67747	75808	1.238451
6100	69099	77208	1.173705
6200	70412	78608	1.343399
6300	71600	80008	1.246904
6400	72873	81408	1.334885
6500	74300	82808	1.513628
6600	75473	84208	1.434964
6700	76780	85608	1.338355
6800	78017	87008	1.412278
6900	79359	88408	1.392928
7000	80727	89808	1.370646
7100	81993	91208	1.378591
7200	83289	92608	1.482423
7300	84581	94008	1.384856
7400	85824	95408	1.565689
7500	87136	96808	1.430844
7600	88422	98208	1.451306
7700	89787	99608	1.479537
7800	91128	101008	1.476336
7900	92239	102408	1.7719
8000	93663	103808	1.857283
8100	94918	105208	1.979367
8200	96217	106616	1.887056
8300	97527	108116	2.30754
8400	98891	109616	2.015982
8500	100337	111116	2.039412
8600	101590	112616	1.956222
8700	103000	114116	2.235611
8800	104352	115616	2.018545
8900	105685	117116	2.020427
9000	106944	118616	2.065752
9100	108407	120116	2.064962
9200	109664	121616	2.091134
9300	111054	123116	2.153129
9400	112362	124616	2.668563
9500	113743	126116	2.198298
9600	114976	127616	2.18225
9700	116286	129116	2.238024
9800	117772	130616	2.255731
9900	119126	132116	2.266435
10000	120449	133616	2.294016
