n:	 c:	 s:	 t:
100	662	384	0.293661
100	639	272	0.129092
100	694	446	0.108427
100	577	367	0.104949
100	660	387	0.137021
100	675	306	0.097133
100	622	425	0.096716
100	587	339	0.051933
100	583	355	0.0484
100	602	398	0.078848
200	1691	917	0.150882
200	1484	914	0.108197
200	1475	828	0.069374
200	1577	916	0.072497
200	1699	929	0.078342
200	1661	950	0.07607
200	1691	928	0.084371
200	1451	940	0.057941
200	1399	909	0.042907
200	1506	912	0.044192
300	2332	1416	0.109415
300	2708	1520	0.128334
300	2622	1370	0.128274
300	2837	1656	0.134098
300	2554	1502	0.112293
300	2507	1593	0.109132
300	2500	1463	0.071822
300	2681	1563	0.07485
300	2305	1402	0.068417
300	2574	1342	0.07209
400	3636	2450	0.104661
400	4053	2888	0.112801
400	3761	2279	0.16403
400	3937	2117	0.199316
400	4058	2520	0.119502
400	3487	2118	0.099884
400	3632	1916	0.100715
400	3831	2146	0.105774
400	3802	2105	0.107228
400	3494	1750	0.099143
500	4738	2642	0.13152
500	4882	2779	0.135998
500	4672	2942	0.132233
500	5696	2497	0.14901
500	4458	2522	0.127059
500	4812	2483	0.132556
500	4576	2730	0.130401
500	4952	2533	0.13545
500	4676	2905	0.132655
500	4599	2647	0.130238
600	6475	3183	0.174046
600	5961	3367	0.164724
600	6360	3807	0.174458
600	5607	3001	0.157093
600	6196	3441	0.23681
600	5528	3214	0.168075
600	5649	3088	0.238382
600	5398	3204	0.235777
600	5775	3017	0.256482
600	5884	3119	0.261662
700	6788	3245	0.31336
700	6693	3946	0.33961
700	6741	3627	0.327852
700	7380	4496	0.358431
700	6907	3786	0.353948
700	7015	3741	0.349584
700	7427	3739	0.363197
700	7404	3713	0.369886
700	8128	5447	0.400672
700	7005	4136	0.349925
800	8762	4575	0.4342
800	8629	4818	0.431201
800	9649	6504	0.504946
800	8079	5113	0.402041
800	9340	4778	0.448174
800	7847	4274	0.206851
800	8881	5087	0.182559
800	8694	4495	0.173717
800	7860	4359	0.164931
800	8950	4162	0.1814
900	10098	6741	0.210492
900	9207	5021	0.336743
900	10221	5526	0.2102
900	9445	4986	0.197001
900	10531	5765	0.216743
900	10148	5350	0.200827
900	9130	5312	0.192629
900	9444	5897	0.194652
900	8810	5427	0.184432
900	9661	5568	0.195624
1000	9847	5958	0.219264
1000	10560	6163	0.216918
1000	10956	6720	0.222185
1000	10948	6075	0.218787
1000	10752	6151	0.226432
1000	10781	6748	0.224395
1000	10990	7203	0.26869
1000	10660	5899	0.226226
1000	9984	5429	0.214112
1000	10091	5399	0.215546
1100	11724	6915	0.243449
1100	11318	6870	0.231321
1100	12026	6873	0.253197
1100	13048	7703	0.263891
1100	11958	6530	0.248836
1100	11433	5688	0.245186
1100	12175	6826	0.247803
1100	12324	6665	0.257953
1100	12261	7368	0.263361
1100	13677	9110	0.272053
1200	13983	8532	0.283707
1200	12838	7683	0.26654
1200	13601	6968	0.283694
1200	13688	7816	0.283078
1200	14361	7761	0.289789
1200	15107	8814	0.304675
1200	13037	7268	0.273814
1200	12820	6993	0.262305
1200	13179	6980	0.286529
1200	14753	8957	0.295418
1300	14282	7969	0.297769
1300	13956	7436	0.293572
1300	14525	8623	0.296769
1300	13704	7596	0.292993
1300	16091	8673	0.325061
1300	13773	8256	0.292708
1300	15883	8240	0.325129
1300	14134	7195	0.280758
1300	15299	8023	0.26262
1300	16498	9320	0.290568
1400	15912	7915	0.33004
1400	16300	8637	0.324279
1400	17042	9842	0.344493
1400	17046	9683	0.339114
1400	15332	8564	0.3141
1400	16043	7990	0.322777
1400	16607	9424	0.327888
1400	15722	7682	0.321427
1400	16292	8013	0.329221
1400	17216	9785	0.344497
1500	17468	8538	0.366083
1500	16987	9821	0.353538
1500	17342	9697	0.359129
1500	18790	11626	0.367345
1500	17539	9645	0.359531
1500	16800	9865	0.32809
1500	17043	10657	0.337666
1500	16934	8340	0.345268
1500	19571	9967	0.391592
1500	16080	8717	0.352545
1600	20046	11148	0.404082
1600	21078	10463	0.424997
1600	17588	9773	0.334863
1600	19152	10048	0.389524
1600	19670	11089	0.361522
1600	18235	9578	0.363508
1600	19619	10951	0.38737
1600	18260	10324	0.382072
1600	20147	10446	0.404122
1600	18049	10113	0.370296
1700	19808	11506	0.399572
1700	19221	10899	0.397055
1700	21672	12061	0.407679
1700	20008	10271	0.399468
1700	19491	12230	0.40143
1700	21226	12888	0.426342
1700	19833	10234	0.400967
1700	19020	10114	0.389381
1700	19064	10723	0.399994
1700	20172	11055	0.403035
1800	20563	11154	0.426351
1800	21986	11361	0.4018
1800	22513	13944	0.447952
1800	25010	12825	0.484281
1800	21344	10646	0.444408
1800	22268	12548	0.451601
1800	22841	14257	0.488292
1800	20080	11716	0.411131
1800	22377	12208	0.440985
1800	22338	12634	0.413808
1900	22697	11680	0.45182
1900	22250	13176	0.440555
1900	23147	11866	0.465238
1900	22842	12599	0.45737
1900	25278	12295	0.505101
1900	23099	13158	0.450107
1900	25116	12187	0.488208
1900	23683	13579	0.475059
1900	26649	12174	0.497952
1900	26551	14471	0.507113
2000	24497	13264	0.516539
2000	26250	14120	0.498101
2000	24294	14537	0.44991
2000	23193	12537	0.473881
2000	24205	13397	0.463952
2000	26473	14354	0.401398
2000	25065	12978	0.21827
2000	24815	14294	0.215405
2000	23055	12567	0.21077
2000	23747	12697	0.209027
2100	25375	12909	0.22059
2100	25018	14304	0.222296
2100	27581	16452	0.233954
2100	27559	15098	0.240255
2100	24736	14105	0.220331
2100	25318	13848	0.223528
2100	27795	16394	0.232113
2100	26951	14920	0.232941
2100	26831	15382	0.231822
2100	24527	12978	0.216235
2200	28176	14883	0.246604
2200	29544	16920	0.248059
2200	27862	16577	0.241284
2200	28891	16927	0.244701
2200	30536	17592	0.251913
2200	26897	13666	0.235812
2200	29656	16070	0.250776
2200	28427	15358	0.242519
2200	27695	15777	0.239652
2200	25833	14218	0.236544
2300	28213	14499	0.245737
2300	28261	15297	0.24842
2300	30371	18795	0.26151
2300	30627	17541	0.27099
2300	30113	17166	0.253229
2300	29600	16505	0.253986
2300	29168	16310	0.347888
2300	30498	18155	0.420421
2300	31462	17157	0.414519
2300	27028	15114	0.287907
2400	36703	20507	0.29157
2400	30906	16497	0.293303
2400	29725	15467	0.276063
2400	32175	21083	0.318527
2400	32669	16747	0.29353
2400	30306	15175	0.270375
2400	32222	17322	0.283253
2400	30763	19056	0.275638
2400	31364	17375	0.27194
2400	30174	18523	0.271509
2500	31446	17547	0.385048
2500	30818	14084	0.380766
2500	31191	17804	0.421495
2500	35912	18387	0.889141
2500	31746	17862	0.278028
2500	32056	16079	0.27513
2500	30268	15697	0.398536
2500	34521	19768	0.462052
2500	32510	18901	0.392369
2500	32221	15686	0.339626
2600	33486	18749	0.30589
2600	34340	18821	0.289954
2600	31977	17286	0.284147
2600	32377	17506	0.287892
2600	32279	18750	0.285651
2600	36221	20204	0.299875
2600	35282	20108	0.30465
2600	31799	16216	0.286558
2600	31792	18136	0.283707
2600	31393	16051	0.278487
2700	33714	20053	0.299725
2700	33603	19075	0.296203
2700	37077	18221	0.31781
2700	35033	19877	0.299463
2700	35025	16859	0.29907
2700	35301	19295	0.299137
2700	32937	19389	0.299643
2700	32354	17348	0.289774
2700	33076	18852	0.292187
2700	33738	18025	0.296651
2800	36108	21891	0.314109
2800	37030	21152	0.343602
2800	38443	22221	0.324763
2800	40363	21712	0.350948
2800	35626	21686	0.350364
2800	37540	23780	0.395173
2800	35271	18564	0.317502
2800	40034	19366	0.364115
2800	35951	19848	0.323447
2800	35761	19759	0.322256
2900	42331	21458	0.357134
2900	35965	20135	0.337278
2900	37652	20577	0.357556
2900	35747	20225	0.342442
2900	36452	18895	0.319091
2900	36870	18429	0.319003
2900	39833	22238	0.335379
2900	41811	23078	0.341512
2900	37891	19826	0.358339
2900	37633	19513	0.321783
3000	37623	20415	0.333384
3000	40340	21368	0.342309
3000	37040	20984	0.328778
3000	38916	22851	0.338696
3000	38236	21118	0.334453
3000	37935	19962	0.332316
3000	37590	20575	0.331883
3000	39572	21943	0.337978
3000	39514	19034	0.333795
3000	41667	24091	0.350468
3100	38309	20300	0.343856
3100	39769	22151	0.348599
3100	43226	22358	0.367005
3100	41448	20432	0.377733
3100	38766	23192	0.465509
3100	38837	21647	0.345526
3100	44248	26236	0.375512
3100	41826	24687	0.372163
3100	40845	21630	0.349856
3100	44858	26033	0.380403
3200	43944	24002	0.367063
3200	47795	26167	0.429121
3200	39278	21596	0.351239
3200	40807	22498	0.35549
3200	44733	23715	0.385879
3200	43454	25361	0.378121
3200	44024	26045	0.373343
3200	42767	24380	0.363221
3200	42160	24187	0.367143
3200	39704	22858	0.356591
3300	41326	23183	0.368022
3300	42308	23623	0.383351
3300	42426	22523	0.368411
3300	44783	26834	0.381198
3300	43339	23476	0.373252
3300	44551	22446	0.373065
3300	46849	27644	0.385647
3300	43359	23021	0.370236
3300	44455	23647	0.374235
3300	45558	22917	0.37567
3400	44366	25219	0.396095
3400	53574	26545	0.418338
3400	44655	23294	0.384186
3400	46351	21402	0.385426
3400	46369	23843	0.389223
3400	47320	27826	0.399509
3400	46285	29071	0.396731
3400	45430	22773	0.386053
3400	46970	22419	0.403741
3400	47281	25942	0.457722
3500	44946	26229	0.398287
3500	47737	26485	0.407784
3500	43963	22395	0.391187
3500	49221	27565	0.418711
3500	45447	25660	0.39957
3500	46829	27124	0.403694
3500	46624	26743	0.408231
3500	50508	28015	0.424262
3500	46437	24216	0.400533
3500	49915	27002	0.413523
3600	48917	26331	0.414648
3600	48063	26063	0.421625
3600	45815	25861	0.406486
3600	46056	25346	0.401539
3600	45399	25903	0.403471
3600	52005	27723	0.432106
3600	50536	27620	0.41972
3600	49599	28739	0.445749
3600	50011	28810	0.427401
3600	46608	23912	0.416315
3700	49944	29268	0.472339
3700	53059	24462	0.427546
3700	53089	27163	0.441328
3700	52054	31067	0.448445
3700	50575	28358	0.429506
3700	52004	30536	0.44109
3700	48595	27573	0.424198
3700	49934	27897	0.429426
3700	47893	22316	0.419579
3700	47753	25047	0.416099
3800	56157	29068	0.460325
3800	51470	27542	0.453431
3800	53089	27433	0.440455
3800	51772	29769	0.443174
3800	57513	32601	0.469617
3800	47858	25907	0.442623
3800	53780	28126	0.467719
3800	51850	27757	0.444259
3800	55780	27398	0.459063
3800	51257	33126	0.450824
3900	61697	36927	0.493653
3900	52018	28989	0.462508
3900	54104	29582	0.46098
3900	57223	36027	0.494396
3900	49072	27669	0.443074
3900	51828	29480	0.452754
3900	52027	28678	0.484151
3900	54299	31145	0.507075
3900	53140	28761	0.479816
3900	56648	33855	0.493637
4000	52752	27028	0.485033
4000	53643	30381	0.486215
4000	53369	31450	0.490454
4000	53346	28554	0.482375
4000	50859	29227	0.473823
4000	54274	32292	0.500357
4000	54317	31086	0.487094
4000	52336	26962	0.475005
4000	53245	28936	0.483053
4000	55416	29661	0.487558
4100	54893	28600	0.500696
4100	71951	44492	0.569414
4100	56670	31345	0.522413
4100	55797	29435	0.498777
4100	52924	30394	0.493709
4100	58990	35803	0.515695
4100	63313	36663	0.524926
4100	57795	30224	0.50728
4100	53989	29914	0.500288
4100	60718	35042	0.521912
4200	58655	31284	0.54282
4200	56815	32133	0.509799
4200	58358	30781	0.518032
4200	58339	32048	0.516784
4200	59876	31778	0.529196
4200	57837	29012	0.572629
4200	59211	33392	0.514848
4200	55215	32626	0.508656
4200	58109	30927	0.51586
4200	54996	32488	0.511201
4300	58542	28560	0.525177
4300	57242	29180	0.518172
4300	59750	31851	0.527621
4300	59992	32424	0.529778
4300	58433	29212	0.519768
4300	58977	30209	0.532619
4300	56779	32957	0.529091
4300	57650	30830	0.527182
4300	55523	29270	0.518329
4300	58080	31789	0.525982
4400	66275	37749	0.563674
4400	61965	32064	0.538629
4400	62017	31243	0.537939
4400	58192	31062	0.53397
4400	60074	33753	0.544333
4400	58618	31467	0.52719
4400	62398	31787	0.536673
4400	60489	35674	0.542764
4400	58462	30921	0.534965
4400	59326	31523	0.538189
4500	65507	33434	0.566399
4500	70233	37999	0.58979
4500	62948	32162	0.569096
4500	67115	39873	0.575047
4500	64888	29374	0.567697
4500	66222	40348	0.645565
4500	62953	34608	0.557752
4500	60445	33789	0.552646
4500	65805	37830	0.568665
4500	61062	32993	0.555001
4600	63250	37448	0.581478
4600	63729	34015	0.574882
4600	67882	32708	0.575077
4600	62910	36915	0.572473
4600	63488	31643	0.559046
4600	61330	33795	0.56656
4600	60847	31821	0.55386
4600	60673	33437	0.565012
4600	62347	33875	0.563887
4600	67173	41708	0.586934
4700	62927	31974	0.575933
4700	65718	39836	0.584774
4700	63308	38705	0.583852
4700	68165	35920	0.589578
4700	69040	39125	0.607155
4700	66460	34841	0.587037
4700	64842	33242	0.575376
4700	62471	35283	0.591113
4700	70140	36911	0.608079
4700	62270	37655	0.570772
4800	62904	33072	0.580444
4800	66347	38758	0.62892
4800	68764	41509	0.632915
4800	67000	32797	0.591595
4800	67786	38252	0.613223
4800	67747	37949	0.599969
4800	68808	39117	0.643059
4800	65815	34256	0.607032
4800	67219	36758	0.631797
4800	66047	37691	0.597264
4900	72067	38991	0.617903
4900	66249	36776	0.618257
4900	73832	36847	0.630401
4900	71742	39106	0.677254
4900	69480	38273	0.620454
4900	68809	38697	0.60566
4900	74847	40359	0.652213
4900	67631	37560	0.608086
4900	67197	35803	0.632248
4900	67885	42949	0.614107
5000	71008	38198	0.627023
5000	69435	39486	0.626626
5000	77079	49868	0.665333
5000	70508	36304	0.627503
5000	66231	34063	0.612834
5000	67542	38484	1.035594
5000	70345	35932	0.830845
5000	67437	36524	0.817097
5000	79585	46102	0.859257
5000	66768	36075	0.791318
5100	67601	35760	0.775501
5100	69874	38319	0.839185
5100	73013	38817	0.822483
5100	74141	42572	0.819497
5100	70247	41597	0.793625
5100	72122	37985	0.799714
5100	70139	39744	0.788014
5100	69520	40552	0.796144
5100	71222	38493	0.803096
5100	75818	38984	0.822029
5200	71134	42663	0.823694
5200	75230	39495	0.846956
5200	77346	36913	0.854524
5200	68654	37094	0.798729
5200	73601	37895	0.860781
5200	71727	37247	0.810865
5200	86422	50707	0.914471
5200	71965	39653	0.817141
5200	79163	45531	0.854368
5200	75041	41974	0.835786
5300	73909	39556	0.843873
5300	73946	39977	0.837725
5300	77733	45420	0.850209
5300	79867	44017	0.861964
5300	73560	37543	0.825996
5300	77111	44224	0.919686
5300	71841	40204	0.819919
5300	69644	36912	0.805625
5300	70530	40186	0.817484
5300	76333	44264	0.846036
5400	73050	40365	0.831306
5400	75265	44567	0.848265
5400	74701	43246	0.847357
5400	73906	39418	0.8452
5400	77677	38402	0.874322
5400	77221	41617	0.852124
5400	85627	46893	0.932267
5400	83805	47092	0.899854
5400	80519	45118	0.875986
5400	75803	38400	0.877845
5500	83561	40257	0.953213
5500	86234	50803	1.200052
5500	81241	40281	1.026573
5500	74978	41553	0.886046
5500	92593	47107	0.970199
5500	78775	42716	0.879653
5500	85061	46659	0.915103
5500	76810	42457	0.865133
5500	88957	37240	0.924514
5500	76052	43703	0.86013
5600	84057	50135	0.92343
5600	81237	42590	0.901224
5600	77843	41976	0.894319
5600	78060	44914	0.891755
5600	78221	42752	0.883597
5600	75086	38093	0.865088
5600	80801	44394	0.889343
5600	84607	44587	0.932908
5600	79455	41826	0.883184
5600	79445	42936	0.885663
5700	83683	42971	0.910851
5700	77869	40432	0.898428
5700	78163	44061	0.89842
5700	82134	43362	0.918273
5700	82335	39259	0.905612
5700	84397	50136	0.930929
5700	78217	43182	0.956421
5700	92623	49420	0.987384
5700	82506	42667	0.909607
5700	80611	44903	0.910884
5800	80405	45120	0.912037
5800	84352	44585	0.938024
5800	80902	43950	0.91794
5800	92543	47957	1.008994
5800	84476	43680	0.937506
5800	81115	47883	0.919598
5800	83518	47475	0.932453
5800	79997	41793	0.912756
5800	79087	45578	0.903355
5800	82020	42126	0.910606
5900	84074	45137	0.948525
5900	83368	43701	0.935741
5900	82823	49181	0.958164
5900	88141	46287	0.97424
5900	87252	51215	0.956002
5900	81902	44710	0.928267
5900	85188	49268	0.97639
5900	90044	52556	1.018223
5900	80234	44350	0.947484
5900	82128	47356	0.981147
6000	84552	44516	0.950429
6000	86747	44687	0.96512
6000	90739	48087	1.030603
6000	85215	42856	0.957994
6000	87537	51592	0.984064
6000	93931	46749	1.027482
6000	85499	46845	0.975015
6000	90481	50257	1.001713
6000	85651	45031	0.955458
6000	87428	51617	0.976744
6100	88739	47297	0.984689
6100	87756	43491	0.980089
6100	88720	54194	1.011981
6100	91455	48471	1.008424
6100	90815	51061	1.012949
6100	94491	56164	1.039621
6100	84233	42865	0.961218
6100	85871	46309	0.968996
6100	88990	51901	0.98623
6100	87885	46541	0.970823
6200	92295	45488	1.02743
6200	95410	59264	1.039917
6200	88699	45564	0.986352
6200	94719	47017	1.054871
6200	91098	51919	1.011573
6200	92049	51978	1.012492
6200	88571	49097	1.005851
6200	89879	51102	0.999765
6200	91527	52072	1.010688
6200	89099	53993	1.033928
6300	90862	46423	1.011755
6300	90669	47937	1.015501
6300	90640	45284	1.010358
6300	96193	58260	1.043387
6300	92243	48521	1.018051
6300	99996	60126	1.093094
6300	97037	47156	1.052197
6300	87055	46541	0.993594
6300	92815	49978	1.043427
6300	90730	49578	1.016157
6400	91995	50616	1.034207
6400	94774	49283	1.056788
6400	98134	53166	1.077442
6400	95629	57392	1.077742
6400	94556	48830	1.038745
6400	92378	51047	1.032345
6400	93086	50333	1.042078
6400	96650	50390	1.05952
6400	89536	48569	1.01878
6400	98410	56786	1.059337
6500	92851	53636	1.113024
6500	99045	51026	1.074702
6500	91823	47135	1.044025
6500	93874	51433	1.04378
6500	90473	48070	1.028689
6500	90943	45940	1.035136
6500	95343	51299	1.060855
6500	88355	49932	1.133746
6500	91469	52359	1.054386
6500	95295	50592	1.055052
6600	100812	49603	1.096336
6600	96397	56277	1.07278
6600	98150	53811	1.084595
6600	94605	50003	1.06515
6600	93938	50427	1.164679
6600	93276	50862	1.064325
6600	98817	51215	1.076261
6600	98416	48006	1.088005
6600	99953	60888	1.08949
6600	91648	53024	1.040204
6700	94262	51628	1.078532
6700	100674	54219	1.104837
6700	94628	51342	1.097699
6700	105103	60624	1.137662
6700	96577	51337	1.090631
6700	99864	54294	1.108237
6700	97546	54790	1.092087
6700	97732	52310	1.084139
6700	106089	52564	1.141344
6700	103340	58999	1.825305
6800	101552	56892	2.397182
6800	99039	49682	2.272469
6800	98216	57377	1.300106
6800	96545	48576	1.029645
6800	98478	56087	0.976838
6800	98141	51051	0.981708
6800	100201	51550	1.049768
6800	107631	56043	1.613405
6800	99664	56615	1.677616
6800	96397	59514	1.595509
6900	100423	50250	1.418369
6900	98220	58519	1.334482
6900	102280	59302	1.629609
6900	97448	54421	1.719827
6900	102551	55883	1.575693
6900	109405	64438	1.825658
6900	103318	52639	1.702867
6900	100124	53864	1.471944
6900	102463	57291	1.307446
6900	103977	55580	1.257265
7000	105584	65604	1.4362
7000	97282	53790	1.607688
7000	99709	51233	1.677855
7000	105027	58163	1.504288
7000	107828	53027	1.754413
7000	100939	53372	1.127135
7000	105051	57412	1.255647
7000	105898	56347	1.095126
7000	97095	53637	1.311214
7000	97584	51188	1.587468
7100	106156	65305	1.697776
7100	106101	53337	1.319091
7100	101865	50488	1.011215
7100	102499	53842	1.018393
7100	107509	55009	1.05887
7100	103558	58863	1.023425
7100	112161	67044	1.056747
7100	108296	60032	1.04169
7100	105699	51972	1.069736
7100	105949	54307	1.030516
7200	103831	55971	1.118132
7200	98857	54070	1.095369
7200	100540	51514	1.067067
7200	104691	60703	1.130541
7200	102472	56864	1.014294
7200	109599	61285	1.057305
7200	103701	57034	1.023136
7200	103567	58829	1.037281
7200	105718	63215	1.050227
7200	115709	63227	1.089136
7300	113025	59985	1.089971
7300	107313	55422	1.081301
7300	104909	56935	1.128948
7300	109149	57698	1.062633
7300	109909	60013	1.096028
7300	105372	61089	1.055554
7300	110666	59533	1.062487
7300	104103	55633	1.039023
7300	104383	59750	1.037104
7300	104419	58926	1.073297
7400	107715	54849	1.074346
7400	112438	68348	1.091227
7400	111260	61313	1.075341
7400	114293	66020	1.105584
7400	109148	54620	1.065266
7400	107624	58121	1.062687
7400	109628	60202	1.071953
7400	112050	72097	1.093277
7400	105597	51191	1.038969
7400	108270	61875	1.068869
7500	117114	71157	1.131897
7500	112448	57132	1.093698
7500	111618	61027	1.114204
7500	112629	55252	1.091832
7500	110717	63678	1.105198
7500	111341	68180	1.089221
7500	129541	54011	1.171743
7500	110406	64028	1.085966
7500	115812	56924	1.338225
7500	111990	61829	1.112355
7600	116913	60066	1.22991
7600	108602	56661	1.107576
7600	118281	59384	1.139624
7600	113348	57846	1.146322
7600	117044	61503	1.12768
7600	108790	59791	1.098024
7600	111152	54956	1.130475
7600	116542	65493	1.132834
7600	115197	58494	1.132632
7600	113849	60520	1.143348
7700	112705	65492	1.110652
7700	117229	67159	1.211915
7700	123015	73575	1.168679
7700	115011	63309	1.183033
7700	112517	61200	1.116567
7700	117496	62412	1.148742
7700	111247	57637	1.140246
7700	119794	68625	1.17512
7700	113211	54877	1.224203
7700	117184	64204	1.64075
7800	120449	65611	1.259554
7800	116660	63727	1.272635
7800	118727	69161	1.157384
7800	116431	66179	1.159106
7800	116365	61156	1.174411
7800	114186	59758	1.237457
7800	114548	63928	1.184742
7800	127506	74002	1.420706
7800	113674	65246	1.119808
7800	115140	67602	1.127388
7900	124009	72124	1.192177
7900	120916	61179	1.15901
7900	115014	59133	1.174448
7900	120516	62685	1.154901
7900	123771	62587	1.195909
7900	117762	68396	1.1473
7900	117030	60705	1.14018
7900	126882	61320	1.192687
7900	116761	62313	1.321453
7900	123260	68579	1.250519
8000	123125	68749	1.189631
8000	118207	66190	1.233105
8000	127126	67052	1.213979
8000	121282	66248	1.172466
8000	122519	64974	1.175955
8000	119981	65702	1.173653
8000	118530	58784	1.161165
8000	114132	59432	1.158918
8000	120049	66654	1.173105
8000	115608	65165	1.304524
8100	123022	73008	1.545879
8100	120892	61224	1.347543
8100	123176	68326	1.283337
8100	122689	66069	1.19946
8100	128542	65952	1.251242
8100	118932	70168	1.177818
8100	124174	67490	1.236945
8100	126359	63861	1.549882
8100	116134	61057	1.520287
8100	121997	66870	1.268503
8200	121531	60869	1.191111
8200	134659	74225	1.280682
8200	123353	63526	1.200671
8200	129197	72808	1.233132
8200	122451	68437	1.210072
8200	122650	60166	1.191103
8200	122683	70282	1.204349
8200	123383	62953	1.298701
8200	121647	65459	1.311878
8200	128181	70863	1.537641
8300	121365	63957	1.398216
8300	122252	70594	1.289687
8300	133803	63076	1.260405
8300	129412	67410	1.238786
8300	120711	67818	1.203176
8300	122635	67084	1.206655
8300	124555	58393	1.207218
8300	132574	64781	1.251672
8300	124139	59324	1.199366
8300	125169	75809	1.22575
8400	124046	71805	1.221485
8400	128001	63964	1.551357
8400	125107	67607	1.924655
8400	122286	66019	1.326654
8400	125527	70390	1.226755
8400	127103	70229	1.245415
8400	127167	65410	1.244889
8400	128654	67419	1.253615
8400	123806	71025	1.224105
8400	134629	80633	1.292121
8500	125545	65775	1.246549
8500	127980	69278	1.239081
8500	137226	77435	1.333733
8500	129605	70511	1.503172
8500	135171	66314	1.89011
8500	123008	63845	1.245558
8500	129681	60992	1.24852
8500	133279	74897	1.273227
8500	130822	72022	1.270105
8500	124281	69701	1.257033
8600	126987	69439	1.257991
8600	134932	68812	1.303184
8600	132244	68085	1.286661
8600	125906	72275	1.265521
8600	129030	70495	1.293139
8600	134236	71887	1.460589
8600	137342	74280	1.330467
8600	134647	76792	1.289602
8600	132072	66970	1.280821
8600	138277	78425	1.326448
8700	129129	69526	1.258033
8700	133822	72735	1.288118
8700	144672	71864	1.340971
8700	143397	79329	1.352848
8700	134817	78726	1.315383
8700	136986	61691	1.575362
8700	136241	82336	1.39516
8700	128638	74568	1.278654
8700	132413	74820	1.319759
8700	135457	76996	1.294739
8800	130277	76425	1.307278
8800	128698	70571	1.278675
8800	135241	68533	1.34602
8800	134728	75299	1.306817
8800	127361	66708	1.264581
8800	132585	71045	1.314132
8800	126246	67452	1.257092
8800	133771	70354	1.299688
8800	130738	69738	1.32516
8800	138562	85481	1.340865
8900	133985	73274	1.315782
8900	143453	74367	1.363315
8900	131253	65592	1.30964
8900	142134	83897	1.349003
8900	126619	71295	1.300513
8900	129103	69167	1.297374
8900	131388	71575	1.295746
8900	135642	71440	1.319517
8900	134400	74311	1.357365
8900	146041	72110	1.37779
9000	135663	67287	1.31821
9000	130048	68543	1.305906
9000	133341	73765	1.330128
9000	132077	70132	1.299292
9000	140465	75359	1.355328
9000	136387	78561	1.339572
9000	129505	71546	1.29994
9000	139901	84804	1.354431
9000	132290	71659	1.32378
9000	132920	62882	1.293053
9100	139525	75081	1.389678
9100	135159	79828	1.326288
9100	142778	77858	1.376277
9100	135009	70497	1.33681
9100	142405	75622	1.904512
9100	135252	71476	1.406721
9100	130168	68855	1.306644
9100	146380	75806	1.38632
9100	137574	78068	1.342462
9100	154286	80986	1.431166
9200	136580	76705	1.347748
9200	145573	69857	1.391752
9200	138335	72820	1.3737
9200	144082	76963	1.397212
9200	142086	78467	1.368809
9200	148383	86007	1.41378
9200	144579	77428	1.386399
9200	141695	79286	1.3879
9200	134731	75170	1.337961
9200	141313	73636	1.373905
9300	137549	67562	1.351201
9300	138367	78973	1.360708
9300	146927	79587	1.419894
9300	145569	77785	1.432001
9300	139063	74372	1.380885
9300	153181	82546	1.443798
9300	151001	64029	1.429014
9300	138335	74157	1.369989
9300	141711	70362	1.371181
9300	144331	82230	1.401386
9400	158649	87008	1.472078
9400	141338	72228	1.38436
9400	142154	73661	1.406357
9400	135265	77576	1.456554
9400	145565	77114	1.401767
9400	134321	73256	1.350284
9400	152022	82911	1.452364
9400	152466	84603	1.446966
9400	135899	67885	1.368326
9400	139658	71525	1.376392
9500	147876	81800	1.425636
9500	150863	83023	1.437891
9500	140531	69882	1.388454
9500	148365	81704	1.372055
9500	148176	85210	1.386343
9500	149255	90892	1.405893
9500	167659	90085	1.484809
9500	139839	76824	1.343311
9500	154357	87877	1.418961
9500	173556	72034	1.493016
9600	148866	81243	1.404414
9600	144632	76894	1.366919
9600	154167	78503	1.452389
9600	162380	81365	1.552409
9600	145018	79770	1.429986
9600	145125	83003	1.386861
9600	145118	81217	1.39593
9600	164951	74448	1.531565
9600	163798	91376	1.539949
9600	147611	82998	1.437324
9700	149231	88471	1.44961
9700	150522	74818	1.435794
9700	149445	72681	1.533969
9700	156169	89549	1.642901
9700	147843	84564	1.759568
9700	159382	84886	1.541316
9700	143368	76037	1.422439
9700	148985	82682	1.452039
9700	146991	84132	1.441789
9700	146310	76944	1.448154
9800	142193	80985	1.428777
9800	147843	83580	1.442141
9800	155954	92166	1.490718
9800	149207	82704	1.443275
9800	154394	86662	1.484542
9800	151859	91524	1.488568
9800	146231	82003	1.436248
9800	148187	80199	1.479954
9800	164712	97355	1.57263
9800	165223	93180	1.555153
9900	152023	81049	1.488728
9900	144113	73322	1.445446
9900	148903	84953	1.478063
9900	159864	82678	1.676968
9900	145704	79889	1.45604
9900	147732	83445	1.457504
9900	149781	80145	1.455144
9900	151153	82409	1.486159
9900	161567	83138	1.550663
9900	147960	79161	1.614385
10000	153343	90045	1.493481
10000	148677	83640	1.46724
10000	154597	80652	1.501624
10000	162033	101085	1.541898
10000	165888	99878	1.581373
10000	159737	93138	1.514313
10000	154809	90277	1.506718
10000	149557	72619	1.467054
10000	173140	92128	1.648169
10000	160048	93790	1.548175
