n:	 c:	 s:	 t:
100	644	337	0.314889
200	1630	892	0.176164
300	2571	1222	0.245756
400	3412	1623	0.24261
500	5333	3047	0.297794
600	5626	3165	0.440853
700	8432	3610	0.643047
800	7710	4478	0.473955
900	9374	5339	0.450752
1000	11780	6822	0.579779
1100	13056	8239	0.654498
1200	12987	7614	0.546387
1300	17308	10041	0.629564
1400	15839	8213	0.591753
1500	17879	9580	0.668269
1600	17711	10248	0.617091
1700	22438	13688	1.474017
1800	22021	12708	0.789026
1900	23622	12505	0.869215
2000	25415	12196	0.979542
2100	24733	12942	0.973989
2200	29440	16223	1.014312
2300	27521	16655	0.978966
2400	29748	14618	1.108685
2500	31966	19790	1.186726
2600	31509	16807	0.825235
2700	35936	22455	0.458557
2800	35049	16937	0.438735
2900	36497	19469	0.477504
3000	38358	20809	0.373956
3100	41060	22860	0.367071
3200	42853	25470	0.376981
3300	43404	24663	0.404374
3400	45373	23043	0.392755
3500	45537	25540	0.530782
3600	44330	25148	0.422332
3700	49046	27580	0.43725
3800	50392	27250	0.446524
3900	55238	30581	0.468697
4000	53406	28060	0.475326
4100	54947	29219	0.522318
4200	60438	30124	0.515933
4300	58714	31857	0.55754
4400	62713	38946	0.662973
4500	59311	29543	0.763599
4600	62330	35096	0.833447
4700	68056	32334	0.854567
4800	66690	38865	0.891691
4900	66785	40323	0.89847
5000	68564	36993	0.901375
5100	72993	35767	0.647956
5200	76331	44113	0.943851
5300	70488	36042	0.94595
5400	81193	45138	1.032616
5500	79467	42246	1.025896
5600	75882	40768	1.032839
5700	85066	44512	1.057616
5800	85170	50795	0.98846
5900	86126	50733	0.851162
6000	86539	47695	0.958868
6100	98286	55546	0.83178
6200	90611	50086	0.855408
6300	87989	44909	0.782972
6400	95945	46110	0.785796
6500	95808	47612	0.802518
6600	89377	51171	0.794109
6700	97187	53709	1.149088
6800	103447	54150	0.854231
6900	100200	56915	0.939579
7000	97599	51313	1.044082
7100	102409	55709	1.039831
7200	103168	61606	0.907201
7300	103438	57160	0.94562
7400	118730	66455	0.958026
7500	109280	61877	1.002796
7600	113327	53118	0.939929
7700	113013	57938	1.345127
7800	126224	69431	1.288187
7900	119136	63996	1.027381
8000	111974	62098	1.156614
8100	126651	77520	1.062974
8200	124412	69804	1.055876
8300	121670	60817	1.327366
8400	127962	68461	1.071992
8500	129308	70699	1.091915
8600	124489	63049	1.096646
8700	127077	67462	1.359144
8800	130805	71203	1.112809
8900	130008	73563	1.142831
9000	144632	78000	1.233013
9100	142423	75424	1.236809
9200	138378	80195	1.184191
9300	146934	80746	1.229877
9400	139335	74041	1.235935
9500	140011	75002	1.269527
9600	153228	86877	1.306976
9700	139374	75685	1.228044
9800	155310	84481	1.335572
9900	153447	83904	1.286044
10000	158758	77174	1.319663
